(kicad_pcb (version 20171130) (host pcbnew "(5.1.2-1)-1")

  (general
    (thickness 1.6)
    (drawings 4)
    (tracks 108)
    (zones 0)
    (modules 15)
    (nets 20)
  )

  (page A4)
  (layers
    (0 F.Cu signal)
    (31 B.Cu signal)
    (32 B.Adhes user)
    (33 F.Adhes user)
    (34 B.Paste user)
    (35 F.Paste user)
    (36 B.SilkS user)
    (37 F.SilkS user)
    (38 B.Mask user)
    (39 F.Mask user)
    (40 Dwgs.User user)
    (41 Cmts.User user)
    (42 Eco1.User user)
    (43 Eco2.User user)
    (44 Edge.Cuts user)
    (45 Margin user)
    (46 B.CrtYd user)
    (47 F.CrtYd user)
    (48 B.Fab user hide)
    (49 F.Fab user hide)
  )

  (setup
    (last_trace_width 0.25)
    (trace_clearance 0.2)
    (zone_clearance 0.508)
    (zone_45_only no)
    (trace_min 0.2)
    (via_size 0.8)
    (via_drill 0.4)
    (via_min_size 0.4)
    (via_min_drill 0.3)
    (user_via 4 3)
    (uvia_size 0.3)
    (uvia_drill 0.1)
    (uvias_allowed no)
    (uvia_min_size 0.2)
    (uvia_min_drill 0.1)
    (edge_width 0.05)
    (segment_width 0.2)
    (pcb_text_width 0.3)
    (pcb_text_size 1.5 1.5)
    (mod_edge_width 0.12)
    (mod_text_size 1 1)
    (mod_text_width 0.15)
    (pad_size 4 4)
    (pad_drill 2)
    (pad_to_mask_clearance 0.051)
    (solder_mask_min_width 0.25)
    (aux_axis_origin 0 0)
    (visible_elements FFFFFF7F)
    (pcbplotparams
      (layerselection 0x010fc_ffffffff)
      (usegerberextensions false)
      (usegerberattributes false)
      (usegerberadvancedattributes false)
      (creategerberjobfile false)
      (excludeedgelayer true)
      (linewidth 0.100000)
      (plotframeref false)
      (viasonmask false)
      (mode 1)
      (useauxorigin false)
      (hpglpennumber 1)
      (hpglpenspeed 20)
      (hpglpendiameter 15.000000)
      (psnegative false)
      (psa4output false)
      (plotreference true)
      (plotvalue true)
      (plotinvisibletext false)
      (padsonsilk false)
      (subtractmaskfromsilk false)
      (outputformat 1)
      (mirror false)
      (drillshape 1)
      (scaleselection 1)
      (outputdirectory ""))
  )

  (net 0 "")
  (net 1 GNDREF)
  (net 2 +12V)
  (net 3 -12V)
  (net 4 "Net-(J1-PadT)")
  (net 5 "Net-(J10-Pad3)")
  (net 6 "Net-(J10-Pad8)")
  (net 7 "Net-(J10-Pad4)")
  (net 8 "Net-(J5-Pad2)")
  (net 9 "Net-(J5-Pad3)")
  (net 10 "Net-(J5-Pad4)")
  (net 11 "Net-(J5-Pad5)")
  (net 12 "Net-(J5-Pad6)")
  (net 13 "Net-(J5-Pad7)")
  (net 14 "Net-(J5-Pad8)")
  (net 15 "Net-(J5-Pad9)")
  (net 16 "Net-(J10-Pad7)")
  (net 17 "Net-(J10-Pad6)")
  (net 18 "Net-(J10-Pad5)")
  (net 19 "Net-(J10-Pad2)")

  (net_class Default "This is the default net class."
    (clearance 0.2)
    (trace_width 0.25)
    (via_dia 0.8)
    (via_drill 0.4)
    (uvia_dia 0.3)
    (uvia_drill 0.1)
    (add_net +12V)
    (add_net -12V)
    (add_net GNDREF)
    (add_net "Net-(J1-PadT)")
    (add_net "Net-(J10-Pad2)")
    (add_net "Net-(J10-Pad3)")
    (add_net "Net-(J10-Pad4)")
    (add_net "Net-(J10-Pad5)")
    (add_net "Net-(J10-Pad6)")
    (add_net "Net-(J10-Pad7)")
    (add_net "Net-(J10-Pad8)")
    (add_net "Net-(J5-Pad2)")
    (add_net "Net-(J5-Pad3)")
    (add_net "Net-(J5-Pad4)")
    (add_net "Net-(J5-Pad5)")
    (add_net "Net-(J5-Pad6)")
    (add_net "Net-(J5-Pad7)")
    (add_net "Net-(J5-Pad8)")
    (add_net "Net-(J5-Pad9)")
  )

  (module Eurorack:Potentiometer_TT_P0915N (layer F.Cu) (tedit 5D856BAE) (tstamp 5D7C80C1)
    (at 81.28 58.166)
    (descr http://www.ttelectronics.com/sites/default/files/download-files/Datasheet_PanelPot_P09xSeries.pdf)
    (tags "potentiometer vertical TT P0915N single")
    (path /5D79CA48)
    (fp_text reference RV1 (at -0.04 -5.98) (layer F.SilkS)
      (effects (font (size 1 1) (thickness 0.15)))
    )
    (fp_text value 100K (at -0.04 9.52) (layer F.Fab)
      (effects (font (size 1 1) (thickness 0.15)))
    )
    (fp_line (start 5.43 -4.95) (end 5.43 -2.23) (layer F.SilkS) (width 0.12))
    (fp_line (start 5.43 2.27) (end 5.43 6.64) (layer F.SilkS) (width 0.12))
    (fp_line (start -5.51 2.27) (end -5.51 6.64) (layer F.SilkS) (width 0.12))
    (fp_line (start 6.96 2.27) (end 6.96 -2.23) (layer F.CrtYd) (width 0.05))
    (fp_line (start 6.96 2.27) (end 5.56 2.27) (layer F.CrtYd) (width 0.05))
    (fp_line (start 6.96 -2.23) (end 5.56 -2.23) (layer F.CrtYd) (width 0.05))
    (fp_line (start 5.56 -2.23) (end 5.56 -5.08) (layer F.CrtYd) (width 0.05))
    (fp_line (start 5.56 6.77) (end 5.56 2.27) (layer F.CrtYd) (width 0.05))
    (fp_line (start -5.64 2.27) (end -7.04 2.27) (layer F.CrtYd) (width 0.05))
    (fp_line (start -5.64 6.77) (end -5.64 2.27) (layer F.CrtYd) (width 0.05))
    (fp_line (start -7.04 2.27) (end -7.04 -2.23) (layer F.CrtYd) (width 0.05))
    (fp_line (start -5.64 -2.23) (end -7.04 -2.23) (layer F.CrtYd) (width 0.05))
    (fp_line (start 3.61 8.67) (end -3.69 8.67) (layer F.CrtYd) (width 0.05))
    (fp_line (start -3.69 8.67) (end -3.69 6.77) (layer F.CrtYd) (width 0.05))
    (fp_line (start -3.69 6.77) (end -5.64 6.77) (layer F.CrtYd) (width 0.05))
    (fp_line (start 3.61 8.67) (end 3.61 6.77) (layer F.CrtYd) (width 0.05))
    (fp_line (start -3.69 6.64) (end -5.51 6.64) (layer F.SilkS) (width 0.12))
    (fp_text user %R (at -0.04 0.02) (layer F.Fab)
      (effects (font (size 1 1) (thickness 0.15)))
    )
    (fp_line (start 5.31 -4.83) (end 5.31 6.52) (layer F.Fab) (width 0.1))
    (fp_line (start 5.31 6.52) (end -5.39 6.52) (layer F.Fab) (width 0.1))
    (fp_line (start -5.39 6.52) (end -5.39 -4.83) (layer F.Fab) (width 0.1))
    (fp_line (start -5.39 -4.83) (end 5.31 -4.83) (layer F.Fab) (width 0.1))
    (fp_circle (center -0.04 0.02) (end 2.96 0.02) (layer F.Fab) (width 0.12))
    (fp_line (start 5.43 -4.95) (end -5.51 -4.95) (layer F.SilkS) (width 0.12))
    (fp_line (start -5.51 -4.95) (end -5.51 -2.23) (layer F.SilkS) (width 0.12))
    (fp_line (start 5.43 6.64) (end 3.61 6.64) (layer F.SilkS) (width 0.12))
    (fp_line (start -5.64 -5.08) (end 5.56 -5.08) (layer F.CrtYd) (width 0.05))
    (fp_line (start 5.56 6.77) (end 3.61 6.77) (layer F.CrtYd) (width 0.05))
    (fp_line (start -5.64 -2.23) (end -5.64 -5.08) (layer F.CrtYd) (width 0.05))
    (pad 1 thru_hole rect (at -2.54 7.52) (size 1.8 1.8) (drill 1) (layers *.Cu *.Mask)
      (net 3 -12V))
    (pad 2 thru_hole circle (at -0.04 7.52) (size 1.8 1.8) (drill 1) (layers *.Cu *.Mask)
      (net 8 "Net-(J5-Pad2)"))
    (pad 3 thru_hole circle (at 2.46 7.52) (size 1.8 1.8) (drill 1) (layers *.Cu *.Mask)
      (net 1 GNDREF))
    (pad "" thru_hole oval (at -4.79 0.02) (size 4 4) (drill 2) (layers *.Cu *.Mask)
      (net 1 GNDREF))
    (pad "" thru_hole oval (at 4.71 0.02) (size 4 4) (drill 2) (layers *.Cu *.Mask)
      (net 1 GNDREF))
    (model ${KISYS3DMOD}/Potentiometer_THT.3dshapes/Potentiometer_TT_P0915N.wrl
      (at (xyz 0 0 0))
      (scale (xyz 1 1 1))
      (rotate (xyz 0 0 0))
    )
  )

  (module Eurorack:Potentiometer_TT_P0915N (layer F.Cu) (tedit 5D856BBF) (tstamp 5D7C80E7)
    (at 81.28 115.316)
    (descr http://www.ttelectronics.com/sites/default/files/download-files/Datasheet_PanelPot_P09xSeries.pdf)
    (tags "potentiometer vertical TT P0915N single")
    (path /5D79CFE7)
    (fp_text reference RV2 (at -0.04 -5.98) (layer F.SilkS)
      (effects (font (size 1 1) (thickness 0.15)))
    )
    (fp_text value 100K (at -0.04 9.52) (layer F.Fab)
      (effects (font (size 1 1) (thickness 0.15)))
    )
    (fp_line (start 5.43 -4.95) (end 5.43 -2.23) (layer F.SilkS) (width 0.12))
    (fp_line (start 5.43 2.27) (end 5.43 6.64) (layer F.SilkS) (width 0.12))
    (fp_line (start -5.51 2.27) (end -5.51 6.64) (layer F.SilkS) (width 0.12))
    (fp_line (start 6.96 2.27) (end 6.96 -2.23) (layer F.CrtYd) (width 0.05))
    (fp_line (start 6.96 2.27) (end 5.56 2.27) (layer F.CrtYd) (width 0.05))
    (fp_line (start 6.96 -2.23) (end 5.56 -2.23) (layer F.CrtYd) (width 0.05))
    (fp_line (start 5.56 -2.23) (end 5.56 -5.08) (layer F.CrtYd) (width 0.05))
    (fp_line (start 5.56 6.77) (end 5.56 2.27) (layer F.CrtYd) (width 0.05))
    (fp_line (start -5.64 2.27) (end -7.04 2.27) (layer F.CrtYd) (width 0.05))
    (fp_line (start -5.64 6.77) (end -5.64 2.27) (layer F.CrtYd) (width 0.05))
    (fp_line (start -7.04 2.27) (end -7.04 -2.23) (layer F.CrtYd) (width 0.05))
    (fp_line (start -5.64 -2.23) (end -7.04 -2.23) (layer F.CrtYd) (width 0.05))
    (fp_line (start 3.61 8.67) (end -3.69 8.67) (layer F.CrtYd) (width 0.05))
    (fp_line (start -3.69 8.67) (end -3.69 6.77) (layer F.CrtYd) (width 0.05))
    (fp_line (start -3.69 6.77) (end -5.64 6.77) (layer F.CrtYd) (width 0.05))
    (fp_line (start 3.61 8.67) (end 3.61 6.77) (layer F.CrtYd) (width 0.05))
    (fp_line (start -3.69 6.64) (end -5.51 6.64) (layer F.SilkS) (width 0.12))
    (fp_text user %R (at -0.04 0.02) (layer F.Fab)
      (effects (font (size 1 1) (thickness 0.15)))
    )
    (fp_line (start 5.31 -4.83) (end 5.31 6.52) (layer F.Fab) (width 0.1))
    (fp_line (start 5.31 6.52) (end -5.39 6.52) (layer F.Fab) (width 0.1))
    (fp_line (start -5.39 6.52) (end -5.39 -4.83) (layer F.Fab) (width 0.1))
    (fp_line (start -5.39 -4.83) (end 5.31 -4.83) (layer F.Fab) (width 0.1))
    (fp_circle (center -0.04 0.02) (end 2.96 0.02) (layer F.Fab) (width 0.12))
    (fp_line (start 5.43 -4.95) (end -5.51 -4.95) (layer F.SilkS) (width 0.12))
    (fp_line (start -5.51 -4.95) (end -5.51 -2.23) (layer F.SilkS) (width 0.12))
    (fp_line (start 5.43 6.64) (end 3.61 6.64) (layer F.SilkS) (width 0.12))
    (fp_line (start -5.64 -5.08) (end 5.56 -5.08) (layer F.CrtYd) (width 0.05))
    (fp_line (start 5.56 6.77) (end 3.61 6.77) (layer F.CrtYd) (width 0.05))
    (fp_line (start -5.64 -2.23) (end -5.64 -5.08) (layer F.CrtYd) (width 0.05))
    (pad 1 thru_hole rect (at -2.54 7.52) (size 1.8 1.8) (drill 1) (layers *.Cu *.Mask)
      (net 3 -12V))
    (pad 2 thru_hole circle (at -0.04 7.52) (size 1.8 1.8) (drill 1) (layers *.Cu *.Mask)
      (net 19 "Net-(J10-Pad2)"))
    (pad 3 thru_hole circle (at 2.46 7.52) (size 1.8 1.8) (drill 1) (layers *.Cu *.Mask)
      (net 1 GNDREF))
    (pad "" thru_hole oval (at -4.79 0.02) (size 4 4) (drill 2) (layers *.Cu *.Mask)
      (net 1 GNDREF))
    (pad "" thru_hole oval (at 4.71 0.02) (size 4 4) (drill 2) (layers *.Cu *.Mask)
      (net 1 GNDREF))
    (model ${KISYS3DMOD}/Potentiometer_THT.3dshapes/Potentiometer_TT_P0915N.wrl
      (at (xyz 0 0 0))
      (scale (xyz 1 1 1))
      (rotate (xyz 0 0 0))
    )
  )

  (module Eurorack:Jack_3.5mm_QingPu_WQP-PJ398SM_Vertical_CircularHoles (layer F.Cu) (tedit 5D7C6005) (tstamp 5D7C7074)
    (at 86.614 154.686 90)
    (descr "TRS 3.5mm, vertical, Thonkiconn, PCB mount, (http://www.qingpu-electronics.com/en/products/WQP-PJ398SM-362.html)")
    (tags "WQP-PJ398SM WQP-PJ301M-12 TRS 3.5mm mono vertical jack thonkiconn qingpu")
    (path /5D7E3660)
    (fp_text reference J1 (at -4.03 -5.37 270) (layer F.SilkS)
      (effects (font (size 1 1) (thickness 0.15)))
    )
    (fp_text value Out_B (at 0 4.9 270) (layer F.Fab)
      (effects (font (size 1 1) (thickness 0.15)))
    )
    (fp_text user KEEPOUT (at 0 0.03 90) (layer Cmts.User)
      (effects (font (size 0.4 0.4) (thickness 0.051)))
    )
    (fp_line (start -5 6.53) (end -5 -7.87) (layer F.CrtYd) (width 0.05))
    (fp_line (start -4.5 6.03) (end -4.5 -4.37) (layer F.Fab) (width 0.1))
    (fp_text user %R (at 0 1.55 270) (layer F.Fab)
      (effects (font (size 1 1) (thickness 0.15)))
    )
    (fp_line (start -4.5 -4.47) (end -4.5 6.03) (layer F.SilkS) (width 0.12))
    (fp_line (start 4.5 -4.47) (end 4.5 6.03) (layer F.SilkS) (width 0.12))
    (fp_circle (center 0 0.03) (end 1.5 0.03) (layer Dwgs.User) (width 0.12))
    (fp_line (start 0.09 1.51) (end 1.48 0.12) (layer Dwgs.User) (width 0.12))
    (fp_line (start -0.58 1.38) (end 1.36 -0.56) (layer Dwgs.User) (width 0.12))
    (fp_line (start -1.07 1.04) (end 1.01 -1.04) (layer Dwgs.User) (width 0.12))
    (fp_line (start -1.42 0.425) (end 0.4 -1.39) (layer Dwgs.User) (width 0.12))
    (fp_line (start -1.41 -0.43) (end -0.46 -1.38) (layer Dwgs.User) (width 0.12))
    (fp_line (start 4.5 6.03) (end 0.5 6.03) (layer F.SilkS) (width 0.12))
    (fp_line (start -0.5 6.03) (end -4.5 6.03) (layer F.SilkS) (width 0.12))
    (fp_line (start 4.5 -4.47) (end 0.35 -4.47) (layer F.SilkS) (width 0.12))
    (fp_line (start -0.35 -4.47) (end -4.5 -4.47) (layer F.SilkS) (width 0.12))
    (fp_circle (center 0 0.03) (end 1.8 0.03) (layer F.SilkS) (width 0.12))
    (fp_line (start -1.06 -7.45) (end -1.06 -6.65) (layer F.SilkS) (width 0.12))
    (fp_line (start -1.06 -7.45) (end -0.2 -7.45) (layer F.SilkS) (width 0.12))
    (fp_line (start 4.5 6.03) (end 4.5 -4.37) (layer F.Fab) (width 0.1))
    (fp_line (start 4.5 6.03) (end -4.5 6.03) (layer F.Fab) (width 0.1))
    (fp_line (start 5 6.53) (end 5 -7.87) (layer F.CrtYd) (width 0.05))
    (fp_line (start 5 6.53) (end -5 6.53) (layer F.CrtYd) (width 0.05))
    (fp_line (start 5 -7.87) (end -5 -7.87) (layer F.CrtYd) (width 0.05))
    (fp_line (start 4.5 -4.42) (end -4.5 -4.42) (layer F.Fab) (width 0.1))
    (fp_circle (center 0 0.03) (end 1.8 0.03) (layer F.Fab) (width 0.1))
    (fp_line (start 0 -6.45) (end 0 -4.42) (layer F.Fab) (width 0.1))
    (pad TN thru_hole circle (at 0 -3.35 270) (size 2.13 2.13) (drill 1.42) (layers *.Cu *.Mask))
    (pad S thru_hole rect (at 0 -6.45 270) (size 1.93 1.83) (drill 1.22) (layers *.Cu *.Mask)
      (net 1 GNDREF))
    (pad T thru_hole circle (at 0 4.95 270) (size 2.13 2.13) (drill 1.43) (layers *.Cu *.Mask)
      (net 4 "Net-(J1-PadT)"))
    (pad "" thru_hole circle (at 0 0 90) (size 3.1 3.1) (drill 3) (layers *.Cu *.Mask))
    (model ${KISYS3DMOD}/Connector_Audio.3dshapes/Jack_3.5mm_QingPu_WQP-PJ398SM_Vertical.wrl
      (at (xyz 0 0 0))
      (scale (xyz 1 1 1))
      (rotate (xyz 0 0 0))
    )
  )

  (module Eurorack:Jack_3.5mm_QingPu_WQP-PJ398SM_Vertical_CircularHoles (layer F.Cu) (tedit 5D7C6005) (tstamp 5D7C7097)
    (at 72.136 143.51 90)
    (descr "TRS 3.5mm, vertical, Thonkiconn, PCB mount, (http://www.qingpu-electronics.com/en/products/WQP-PJ398SM-362.html)")
    (tags "WQP-PJ398SM WQP-PJ301M-12 TRS 3.5mm mono vertical jack thonkiconn qingpu")
    (path /5D7E37EC)
    (fp_text reference J2 (at -4.03 -5.37 270) (layer F.SilkS)
      (effects (font (size 1 1) (thickness 0.15)))
    )
    (fp_text value CV1_B (at 0 4.9 270) (layer F.Fab)
      (effects (font (size 1 1) (thickness 0.15)))
    )
    (fp_line (start 0 -6.45) (end 0 -4.42) (layer F.Fab) (width 0.1))
    (fp_circle (center 0 0.03) (end 1.8 0.03) (layer F.Fab) (width 0.1))
    (fp_line (start 4.5 -4.42) (end -4.5 -4.42) (layer F.Fab) (width 0.1))
    (fp_line (start 5 -7.87) (end -5 -7.87) (layer F.CrtYd) (width 0.05))
    (fp_line (start 5 6.53) (end -5 6.53) (layer F.CrtYd) (width 0.05))
    (fp_line (start 5 6.53) (end 5 -7.87) (layer F.CrtYd) (width 0.05))
    (fp_line (start 4.5 6.03) (end -4.5 6.03) (layer F.Fab) (width 0.1))
    (fp_line (start 4.5 6.03) (end 4.5 -4.37) (layer F.Fab) (width 0.1))
    (fp_line (start -1.06 -7.45) (end -0.2 -7.45) (layer F.SilkS) (width 0.12))
    (fp_line (start -1.06 -7.45) (end -1.06 -6.65) (layer F.SilkS) (width 0.12))
    (fp_circle (center 0 0.03) (end 1.8 0.03) (layer F.SilkS) (width 0.12))
    (fp_line (start -0.35 -4.47) (end -4.5 -4.47) (layer F.SilkS) (width 0.12))
    (fp_line (start 4.5 -4.47) (end 0.35 -4.47) (layer F.SilkS) (width 0.12))
    (fp_line (start -0.5 6.03) (end -4.5 6.03) (layer F.SilkS) (width 0.12))
    (fp_line (start 4.5 6.03) (end 0.5 6.03) (layer F.SilkS) (width 0.12))
    (fp_line (start -1.41 -0.43) (end -0.46 -1.38) (layer Dwgs.User) (width 0.12))
    (fp_line (start -1.42 0.425) (end 0.4 -1.39) (layer Dwgs.User) (width 0.12))
    (fp_line (start -1.07 1.04) (end 1.01 -1.04) (layer Dwgs.User) (width 0.12))
    (fp_line (start -0.58 1.38) (end 1.36 -0.56) (layer Dwgs.User) (width 0.12))
    (fp_line (start 0.09 1.51) (end 1.48 0.12) (layer Dwgs.User) (width 0.12))
    (fp_circle (center 0 0.03) (end 1.5 0.03) (layer Dwgs.User) (width 0.12))
    (fp_line (start 4.5 -4.47) (end 4.5 6.03) (layer F.SilkS) (width 0.12))
    (fp_line (start -4.5 -4.47) (end -4.5 6.03) (layer F.SilkS) (width 0.12))
    (fp_text user %R (at 0 1.55 270) (layer F.Fab)
      (effects (font (size 1 1) (thickness 0.15)))
    )
    (fp_line (start -4.5 6.03) (end -4.5 -4.37) (layer F.Fab) (width 0.1))
    (fp_line (start -5 6.53) (end -5 -7.87) (layer F.CrtYd) (width 0.05))
    (fp_text user KEEPOUT (at 0 0.03 90) (layer Cmts.User)
      (effects (font (size 0.4 0.4) (thickness 0.051)))
    )
    (pad "" thru_hole circle (at 0 0 90) (size 3.1 3.1) (drill 3) (layers *.Cu *.Mask))
    (pad T thru_hole circle (at 0 4.95 270) (size 2.13 2.13) (drill 1.43) (layers *.Cu *.Mask)
      (net 5 "Net-(J10-Pad3)"))
    (pad S thru_hole rect (at 0 -6.45 270) (size 1.93 1.83) (drill 1.22) (layers *.Cu *.Mask)
      (net 1 GNDREF))
    (pad TN thru_hole circle (at 0 -3.35 270) (size 2.13 2.13) (drill 1.42) (layers *.Cu *.Mask))
    (model ${KISYS3DMOD}/Connector_Audio.3dshapes/Jack_3.5mm_QingPu_WQP-PJ398SM_Vertical.wrl
      (at (xyz 0 0 0))
      (scale (xyz 1 1 1))
      (rotate (xyz 0 0 0))
    )
  )

  (module Eurorack:Jack_3.5mm_QingPu_WQP-PJ398SM_Vertical_CircularHoles (layer F.Cu) (tedit 5D7C6005) (tstamp 5D7C70BA)
    (at 86.614 143.51 90)
    (descr "TRS 3.5mm, vertical, Thonkiconn, PCB mount, (http://www.qingpu-electronics.com/en/products/WQP-PJ398SM-362.html)")
    (tags "WQP-PJ398SM WQP-PJ301M-12 TRS 3.5mm mono vertical jack thonkiconn qingpu")
    (path /5D7E43AD)
    (fp_text reference J3 (at -4.03 -5.37 270) (layer F.SilkS)
      (effects (font (size 1 1) (thickness 0.15)))
    )
    (fp_text value In_B (at 0 4.9 270) (layer F.Fab)
      (effects (font (size 1 1) (thickness 0.15)))
    )
    (fp_line (start 0 -6.45) (end 0 -4.42) (layer F.Fab) (width 0.1))
    (fp_circle (center 0 0.03) (end 1.8 0.03) (layer F.Fab) (width 0.1))
    (fp_line (start 4.5 -4.42) (end -4.5 -4.42) (layer F.Fab) (width 0.1))
    (fp_line (start 5 -7.87) (end -5 -7.87) (layer F.CrtYd) (width 0.05))
    (fp_line (start 5 6.53) (end -5 6.53) (layer F.CrtYd) (width 0.05))
    (fp_line (start 5 6.53) (end 5 -7.87) (layer F.CrtYd) (width 0.05))
    (fp_line (start 4.5 6.03) (end -4.5 6.03) (layer F.Fab) (width 0.1))
    (fp_line (start 4.5 6.03) (end 4.5 -4.37) (layer F.Fab) (width 0.1))
    (fp_line (start -1.06 -7.45) (end -0.2 -7.45) (layer F.SilkS) (width 0.12))
    (fp_line (start -1.06 -7.45) (end -1.06 -6.65) (layer F.SilkS) (width 0.12))
    (fp_circle (center 0 0.03) (end 1.8 0.03) (layer F.SilkS) (width 0.12))
    (fp_line (start -0.35 -4.47) (end -4.5 -4.47) (layer F.SilkS) (width 0.12))
    (fp_line (start 4.5 -4.47) (end 0.35 -4.47) (layer F.SilkS) (width 0.12))
    (fp_line (start -0.5 6.03) (end -4.5 6.03) (layer F.SilkS) (width 0.12))
    (fp_line (start 4.5 6.03) (end 0.5 6.03) (layer F.SilkS) (width 0.12))
    (fp_line (start -1.41 -0.43) (end -0.46 -1.38) (layer Dwgs.User) (width 0.12))
    (fp_line (start -1.42 0.425) (end 0.4 -1.39) (layer Dwgs.User) (width 0.12))
    (fp_line (start -1.07 1.04) (end 1.01 -1.04) (layer Dwgs.User) (width 0.12))
    (fp_line (start -0.58 1.38) (end 1.36 -0.56) (layer Dwgs.User) (width 0.12))
    (fp_line (start 0.09 1.51) (end 1.48 0.12) (layer Dwgs.User) (width 0.12))
    (fp_circle (center 0 0.03) (end 1.5 0.03) (layer Dwgs.User) (width 0.12))
    (fp_line (start 4.5 -4.47) (end 4.5 6.03) (layer F.SilkS) (width 0.12))
    (fp_line (start -4.5 -4.47) (end -4.5 6.03) (layer F.SilkS) (width 0.12))
    (fp_text user %R (at 0 1.55 270) (layer F.Fab)
      (effects (font (size 1 1) (thickness 0.15)))
    )
    (fp_line (start -4.5 6.03) (end -4.5 -4.37) (layer F.Fab) (width 0.1))
    (fp_line (start -5 6.53) (end -5 -7.87) (layer F.CrtYd) (width 0.05))
    (fp_text user KEEPOUT (at 0 0.03 90) (layer Cmts.User)
      (effects (font (size 0.4 0.4) (thickness 0.051)))
    )
    (pad "" thru_hole circle (at 0 0 90) (size 3.1 3.1) (drill 3) (layers *.Cu *.Mask))
    (pad T thru_hole circle (at 0 4.95 270) (size 2.13 2.13) (drill 1.43) (layers *.Cu *.Mask)
      (net 6 "Net-(J10-Pad8)"))
    (pad S thru_hole rect (at 0 -6.45 270) (size 1.93 1.83) (drill 1.22) (layers *.Cu *.Mask)
      (net 1 GNDREF))
    (pad TN thru_hole circle (at 0 -3.35 270) (size 2.13 2.13) (drill 1.42) (layers *.Cu *.Mask))
    (model ${KISYS3DMOD}/Connector_Audio.3dshapes/Jack_3.5mm_QingPu_WQP-PJ398SM_Vertical.wrl
      (at (xyz 0 0 0))
      (scale (xyz 1 1 1))
      (rotate (xyz 0 0 0))
    )
  )

  (module Eurorack:Jack_3.5mm_QingPu_WQP-PJ398SM_Vertical_CircularHoles (layer F.Cu) (tedit 5D7C6005) (tstamp 5D7C70DD)
    (at 72.136 154.686 90)
    (descr "TRS 3.5mm, vertical, Thonkiconn, PCB mount, (http://www.qingpu-electronics.com/en/products/WQP-PJ398SM-362.html)")
    (tags "WQP-PJ398SM WQP-PJ301M-12 TRS 3.5mm mono vertical jack thonkiconn qingpu")
    (path /5D7E3D6E)
    (fp_text reference J4 (at -4.03 -5.37 270) (layer F.SilkS)
      (effects (font (size 1 1) (thickness 0.15)))
    )
    (fp_text value CV2_B (at 0 4.9 270) (layer F.Fab)
      (effects (font (size 1 1) (thickness 0.15)))
    )
    (fp_text user KEEPOUT (at 0 0.03 90) (layer Cmts.User)
      (effects (font (size 0.4 0.4) (thickness 0.051)))
    )
    (fp_line (start -5 6.53) (end -5 -7.87) (layer F.CrtYd) (width 0.05))
    (fp_line (start -4.5 6.03) (end -4.5 -4.37) (layer F.Fab) (width 0.1))
    (fp_text user %R (at 0 1.55 270) (layer F.Fab)
      (effects (font (size 1 1) (thickness 0.15)))
    )
    (fp_line (start -4.5 -4.47) (end -4.5 6.03) (layer F.SilkS) (width 0.12))
    (fp_line (start 4.5 -4.47) (end 4.5 6.03) (layer F.SilkS) (width 0.12))
    (fp_circle (center 0 0.03) (end 1.5 0.03) (layer Dwgs.User) (width 0.12))
    (fp_line (start 0.09 1.51) (end 1.48 0.12) (layer Dwgs.User) (width 0.12))
    (fp_line (start -0.58 1.38) (end 1.36 -0.56) (layer Dwgs.User) (width 0.12))
    (fp_line (start -1.07 1.04) (end 1.01 -1.04) (layer Dwgs.User) (width 0.12))
    (fp_line (start -1.42 0.425) (end 0.4 -1.39) (layer Dwgs.User) (width 0.12))
    (fp_line (start -1.41 -0.43) (end -0.46 -1.38) (layer Dwgs.User) (width 0.12))
    (fp_line (start 4.5 6.03) (end 0.5 6.03) (layer F.SilkS) (width 0.12))
    (fp_line (start -0.5 6.03) (end -4.5 6.03) (layer F.SilkS) (width 0.12))
    (fp_line (start 4.5 -4.47) (end 0.35 -4.47) (layer F.SilkS) (width 0.12))
    (fp_line (start -0.35 -4.47) (end -4.5 -4.47) (layer F.SilkS) (width 0.12))
    (fp_circle (center 0 0.03) (end 1.8 0.03) (layer F.SilkS) (width 0.12))
    (fp_line (start -1.06 -7.45) (end -1.06 -6.65) (layer F.SilkS) (width 0.12))
    (fp_line (start -1.06 -7.45) (end -0.2 -7.45) (layer F.SilkS) (width 0.12))
    (fp_line (start 4.5 6.03) (end 4.5 -4.37) (layer F.Fab) (width 0.1))
    (fp_line (start 4.5 6.03) (end -4.5 6.03) (layer F.Fab) (width 0.1))
    (fp_line (start 5 6.53) (end 5 -7.87) (layer F.CrtYd) (width 0.05))
    (fp_line (start 5 6.53) (end -5 6.53) (layer F.CrtYd) (width 0.05))
    (fp_line (start 5 -7.87) (end -5 -7.87) (layer F.CrtYd) (width 0.05))
    (fp_line (start 4.5 -4.42) (end -4.5 -4.42) (layer F.Fab) (width 0.1))
    (fp_circle (center 0 0.03) (end 1.8 0.03) (layer F.Fab) (width 0.1))
    (fp_line (start 0 -6.45) (end 0 -4.42) (layer F.Fab) (width 0.1))
    (pad TN thru_hole circle (at 0 -3.35 270) (size 2.13 2.13) (drill 1.42) (layers *.Cu *.Mask))
    (pad S thru_hole rect (at 0 -6.45 270) (size 1.93 1.83) (drill 1.22) (layers *.Cu *.Mask)
      (net 1 GNDREF))
    (pad T thru_hole circle (at 0 4.95 270) (size 2.13 2.13) (drill 1.43) (layers *.Cu *.Mask)
      (net 7 "Net-(J10-Pad4)"))
    (pad "" thru_hole circle (at 0 0 90) (size 3.1 3.1) (drill 3) (layers *.Cu *.Mask))
    (model ${KISYS3DMOD}/Connector_Audio.3dshapes/Jack_3.5mm_QingPu_WQP-PJ398SM_Vertical.wrl
      (at (xyz 0 0 0))
      (scale (xyz 1 1 1))
      (rotate (xyz 0 0 0))
    )
  )

  (module Eurorack:Jack_3.5mm_QingPu_WQP-PJ398SM_Vertical_CircularHoles (layer F.Cu) (tedit 5D7C6005) (tstamp 5D7C78F8)
    (at 72.136 86.36 90)
    (descr "TRS 3.5mm, vertical, Thonkiconn, PCB mount, (http://www.qingpu-electronics.com/en/products/WQP-PJ398SM-362.html)")
    (tags "WQP-PJ398SM WQP-PJ301M-12 TRS 3.5mm mono vertical jack thonkiconn qingpu")
    (path /5D7EDC54)
    (fp_text reference J6 (at -4.03 -5.37 270) (layer F.SilkS)
      (effects (font (size 1 1) (thickness 0.15)))
    )
    (fp_text value CV1_A (at 0 4.9 270) (layer F.Fab)
      (effects (font (size 1 1) (thickness 0.15)))
    )
    (fp_text user KEEPOUT (at 0 0.03 90) (layer Cmts.User)
      (effects (font (size 0.4 0.4) (thickness 0.051)))
    )
    (fp_line (start -5 6.53) (end -5 -7.87) (layer F.CrtYd) (width 0.05))
    (fp_line (start -4.5 6.03) (end -4.5 -4.37) (layer F.Fab) (width 0.1))
    (fp_text user %R (at 0 1.55 270) (layer F.Fab)
      (effects (font (size 1 1) (thickness 0.15)))
    )
    (fp_line (start -4.5 -4.47) (end -4.5 6.03) (layer F.SilkS) (width 0.12))
    (fp_line (start 4.5 -4.47) (end 4.5 6.03) (layer F.SilkS) (width 0.12))
    (fp_circle (center 0 0.03) (end 1.5 0.03) (layer Dwgs.User) (width 0.12))
    (fp_line (start 0.09 1.51) (end 1.48 0.12) (layer Dwgs.User) (width 0.12))
    (fp_line (start -0.58 1.38) (end 1.36 -0.56) (layer Dwgs.User) (width 0.12))
    (fp_line (start -1.07 1.04) (end 1.01 -1.04) (layer Dwgs.User) (width 0.12))
    (fp_line (start -1.42 0.425) (end 0.4 -1.39) (layer Dwgs.User) (width 0.12))
    (fp_line (start -1.41 -0.43) (end -0.46 -1.38) (layer Dwgs.User) (width 0.12))
    (fp_line (start 4.5 6.03) (end 0.5 6.03) (layer F.SilkS) (width 0.12))
    (fp_line (start -0.5 6.03) (end -4.5 6.03) (layer F.SilkS) (width 0.12))
    (fp_line (start 4.5 -4.47) (end 0.35 -4.47) (layer F.SilkS) (width 0.12))
    (fp_line (start -0.35 -4.47) (end -4.5 -4.47) (layer F.SilkS) (width 0.12))
    (fp_circle (center 0 0.03) (end 1.8 0.03) (layer F.SilkS) (width 0.12))
    (fp_line (start -1.06 -7.45) (end -1.06 -6.65) (layer F.SilkS) (width 0.12))
    (fp_line (start -1.06 -7.45) (end -0.2 -7.45) (layer F.SilkS) (width 0.12))
    (fp_line (start 4.5 6.03) (end 4.5 -4.37) (layer F.Fab) (width 0.1))
    (fp_line (start 4.5 6.03) (end -4.5 6.03) (layer F.Fab) (width 0.1))
    (fp_line (start 5 6.53) (end 5 -7.87) (layer F.CrtYd) (width 0.05))
    (fp_line (start 5 6.53) (end -5 6.53) (layer F.CrtYd) (width 0.05))
    (fp_line (start 5 -7.87) (end -5 -7.87) (layer F.CrtYd) (width 0.05))
    (fp_line (start 4.5 -4.42) (end -4.5 -4.42) (layer F.Fab) (width 0.1))
    (fp_circle (center 0 0.03) (end 1.8 0.03) (layer F.Fab) (width 0.1))
    (fp_line (start 0 -6.45) (end 0 -4.42) (layer F.Fab) (width 0.1))
    (pad TN thru_hole circle (at 0 -3.35 270) (size 2.13 2.13) (drill 1.42) (layers *.Cu *.Mask))
    (pad S thru_hole rect (at 0 -6.45 270) (size 1.93 1.83) (drill 1.22) (layers *.Cu *.Mask)
      (net 1 GNDREF))
    (pad T thru_hole circle (at 0 4.95 270) (size 2.13 2.13) (drill 1.43) (layers *.Cu *.Mask)
      (net 9 "Net-(J5-Pad3)"))
    (pad "" thru_hole circle (at 0 0 90) (size 3.1 3.1) (drill 3) (layers *.Cu *.Mask))
    (model ${KISYS3DMOD}/Connector_Audio.3dshapes/Jack_3.5mm_QingPu_WQP-PJ398SM_Vertical.wrl
      (at (xyz 0 0 0))
      (scale (xyz 1 1 1))
      (rotate (xyz 0 0 0))
    )
  )

  (module Eurorack:Jack_3.5mm_QingPu_WQP-PJ398SM_Vertical_CircularHoles (layer F.Cu) (tedit 5D7C6005) (tstamp 5D7C791B)
    (at 86.614 86.36 90)
    (descr "TRS 3.5mm, vertical, Thonkiconn, PCB mount, (http://www.qingpu-electronics.com/en/products/WQP-PJ398SM-362.html)")
    (tags "WQP-PJ398SM WQP-PJ301M-12 TRS 3.5mm mono vertical jack thonkiconn qingpu")
    (path /5D7EDC5A)
    (fp_text reference J7 (at -4.03 -5.37 270) (layer F.SilkS)
      (effects (font (size 1 1) (thickness 0.15)))
    )
    (fp_text value In_A (at 0 4.9 270) (layer F.Fab)
      (effects (font (size 1 1) (thickness 0.15)))
    )
    (fp_line (start 0 -6.45) (end 0 -4.42) (layer F.Fab) (width 0.1))
    (fp_circle (center 0 0.03) (end 1.8 0.03) (layer F.Fab) (width 0.1))
    (fp_line (start 4.5 -4.42) (end -4.5 -4.42) (layer F.Fab) (width 0.1))
    (fp_line (start 5 -7.87) (end -5 -7.87) (layer F.CrtYd) (width 0.05))
    (fp_line (start 5 6.53) (end -5 6.53) (layer F.CrtYd) (width 0.05))
    (fp_line (start 5 6.53) (end 5 -7.87) (layer F.CrtYd) (width 0.05))
    (fp_line (start 4.5 6.03) (end -4.5 6.03) (layer F.Fab) (width 0.1))
    (fp_line (start 4.5 6.03) (end 4.5 -4.37) (layer F.Fab) (width 0.1))
    (fp_line (start -1.06 -7.45) (end -0.2 -7.45) (layer F.SilkS) (width 0.12))
    (fp_line (start -1.06 -7.45) (end -1.06 -6.65) (layer F.SilkS) (width 0.12))
    (fp_circle (center 0 0.03) (end 1.8 0.03) (layer F.SilkS) (width 0.12))
    (fp_line (start -0.35 -4.47) (end -4.5 -4.47) (layer F.SilkS) (width 0.12))
    (fp_line (start 4.5 -4.47) (end 0.35 -4.47) (layer F.SilkS) (width 0.12))
    (fp_line (start -0.5 6.03) (end -4.5 6.03) (layer F.SilkS) (width 0.12))
    (fp_line (start 4.5 6.03) (end 0.5 6.03) (layer F.SilkS) (width 0.12))
    (fp_line (start -1.41 -0.43) (end -0.46 -1.38) (layer Dwgs.User) (width 0.12))
    (fp_line (start -1.42 0.425) (end 0.4 -1.39) (layer Dwgs.User) (width 0.12))
    (fp_line (start -1.07 1.04) (end 1.01 -1.04) (layer Dwgs.User) (width 0.12))
    (fp_line (start -0.58 1.38) (end 1.36 -0.56) (layer Dwgs.User) (width 0.12))
    (fp_line (start 0.09 1.51) (end 1.48 0.12) (layer Dwgs.User) (width 0.12))
    (fp_circle (center 0 0.03) (end 1.5 0.03) (layer Dwgs.User) (width 0.12))
    (fp_line (start 4.5 -4.47) (end 4.5 6.03) (layer F.SilkS) (width 0.12))
    (fp_line (start -4.5 -4.47) (end -4.5 6.03) (layer F.SilkS) (width 0.12))
    (fp_text user %R (at 0 1.55 270) (layer F.Fab)
      (effects (font (size 1 1) (thickness 0.15)))
    )
    (fp_line (start -4.5 6.03) (end -4.5 -4.37) (layer F.Fab) (width 0.1))
    (fp_line (start -5 6.53) (end -5 -7.87) (layer F.CrtYd) (width 0.05))
    (fp_text user KEEPOUT (at 0 0.03 90) (layer Cmts.User)
      (effects (font (size 0.4 0.4) (thickness 0.051)))
    )
    (pad "" thru_hole circle (at 0 0 90) (size 3.1 3.1) (drill 3) (layers *.Cu *.Mask))
    (pad T thru_hole circle (at 0 4.95 270) (size 2.13 2.13) (drill 1.43) (layers *.Cu *.Mask)
      (net 14 "Net-(J5-Pad8)"))
    (pad S thru_hole rect (at 0 -6.45 270) (size 1.93 1.83) (drill 1.22) (layers *.Cu *.Mask)
      (net 1 GNDREF))
    (pad TN thru_hole circle (at 0 -3.35 270) (size 2.13 2.13) (drill 1.42) (layers *.Cu *.Mask))
    (model ${KISYS3DMOD}/Connector_Audio.3dshapes/Jack_3.5mm_QingPu_WQP-PJ398SM_Vertical.wrl
      (at (xyz 0 0 0))
      (scale (xyz 1 1 1))
      (rotate (xyz 0 0 0))
    )
  )

  (module Eurorack:Jack_3.5mm_QingPu_WQP-PJ398SM_Vertical_CircularHoles (layer F.Cu) (tedit 5D7C6005) (tstamp 5D7C793E)
    (at 72.136 97.536 90)
    (descr "TRS 3.5mm, vertical, Thonkiconn, PCB mount, (http://www.qingpu-electronics.com/en/products/WQP-PJ398SM-362.html)")
    (tags "WQP-PJ398SM WQP-PJ301M-12 TRS 3.5mm mono vertical jack thonkiconn qingpu")
    (path /5D7EDC66)
    (fp_text reference J8 (at -4.03 -5.37 270) (layer F.SilkS)
      (effects (font (size 1 1) (thickness 0.15)))
    )
    (fp_text value CV2_A (at 0 4.9 270) (layer F.Fab)
      (effects (font (size 1 1) (thickness 0.15)))
    )
    (fp_line (start 0 -6.45) (end 0 -4.42) (layer F.Fab) (width 0.1))
    (fp_circle (center 0 0.03) (end 1.8 0.03) (layer F.Fab) (width 0.1))
    (fp_line (start 4.5 -4.42) (end -4.5 -4.42) (layer F.Fab) (width 0.1))
    (fp_line (start 5 -7.87) (end -5 -7.87) (layer F.CrtYd) (width 0.05))
    (fp_line (start 5 6.53) (end -5 6.53) (layer F.CrtYd) (width 0.05))
    (fp_line (start 5 6.53) (end 5 -7.87) (layer F.CrtYd) (width 0.05))
    (fp_line (start 4.5 6.03) (end -4.5 6.03) (layer F.Fab) (width 0.1))
    (fp_line (start 4.5 6.03) (end 4.5 -4.37) (layer F.Fab) (width 0.1))
    (fp_line (start -1.06 -7.45) (end -0.2 -7.45) (layer F.SilkS) (width 0.12))
    (fp_line (start -1.06 -7.45) (end -1.06 -6.65) (layer F.SilkS) (width 0.12))
    (fp_circle (center 0 0.03) (end 1.8 0.03) (layer F.SilkS) (width 0.12))
    (fp_line (start -0.35 -4.47) (end -4.5 -4.47) (layer F.SilkS) (width 0.12))
    (fp_line (start 4.5 -4.47) (end 0.35 -4.47) (layer F.SilkS) (width 0.12))
    (fp_line (start -0.5 6.03) (end -4.5 6.03) (layer F.SilkS) (width 0.12))
    (fp_line (start 4.5 6.03) (end 0.5 6.03) (layer F.SilkS) (width 0.12))
    (fp_line (start -1.41 -0.43) (end -0.46 -1.38) (layer Dwgs.User) (width 0.12))
    (fp_line (start -1.42 0.425) (end 0.4 -1.39) (layer Dwgs.User) (width 0.12))
    (fp_line (start -1.07 1.04) (end 1.01 -1.04) (layer Dwgs.User) (width 0.12))
    (fp_line (start -0.58 1.38) (end 1.36 -0.56) (layer Dwgs.User) (width 0.12))
    (fp_line (start 0.09 1.51) (end 1.48 0.12) (layer Dwgs.User) (width 0.12))
    (fp_circle (center 0 0.03) (end 1.5 0.03) (layer Dwgs.User) (width 0.12))
    (fp_line (start 4.5 -4.47) (end 4.5 6.03) (layer F.SilkS) (width 0.12))
    (fp_line (start -4.5 -4.47) (end -4.5 6.03) (layer F.SilkS) (width 0.12))
    (fp_text user %R (at 0 1.55 270) (layer F.Fab)
      (effects (font (size 1 1) (thickness 0.15)))
    )
    (fp_line (start -4.5 6.03) (end -4.5 -4.37) (layer F.Fab) (width 0.1))
    (fp_line (start -5 6.53) (end -5 -7.87) (layer F.CrtYd) (width 0.05))
    (fp_text user KEEPOUT (at 0 0.03 90) (layer Cmts.User)
      (effects (font (size 0.4 0.4) (thickness 0.051)))
    )
    (pad "" thru_hole circle (at 0 0 90) (size 3.1 3.1) (drill 3) (layers *.Cu *.Mask))
    (pad T thru_hole circle (at 0 4.95 270) (size 2.13 2.13) (drill 1.43) (layers *.Cu *.Mask)
      (net 10 "Net-(J5-Pad4)"))
    (pad S thru_hole rect (at 0 -6.45 270) (size 1.93 1.83) (drill 1.22) (layers *.Cu *.Mask)
      (net 1 GNDREF))
    (pad TN thru_hole circle (at 0 -3.35 270) (size 2.13 2.13) (drill 1.42) (layers *.Cu *.Mask))
    (model ${KISYS3DMOD}/Connector_Audio.3dshapes/Jack_3.5mm_QingPu_WQP-PJ398SM_Vertical.wrl
      (at (xyz 0 0 0))
      (scale (xyz 1 1 1))
      (rotate (xyz 0 0 0))
    )
  )

  (module Eurorack:Jack_3.5mm_QingPu_WQP-PJ398SM_Vertical_CircularHoles (layer F.Cu) (tedit 5D7C6005) (tstamp 5D7C7961)
    (at 86.614 97.536 90)
    (descr "TRS 3.5mm, vertical, Thonkiconn, PCB mount, (http://www.qingpu-electronics.com/en/products/WQP-PJ398SM-362.html)")
    (tags "WQP-PJ398SM WQP-PJ301M-12 TRS 3.5mm mono vertical jack thonkiconn qingpu")
    (path /5D7EDC60)
    (fp_text reference J9 (at -4.03 -5.37 270) (layer F.SilkS)
      (effects (font (size 1 1) (thickness 0.15)))
    )
    (fp_text value Out_A (at 0 4.9 270) (layer F.Fab)
      (effects (font (size 1 1) (thickness 0.15)))
    )
    (fp_text user KEEPOUT (at 0 0.03 90) (layer Cmts.User)
      (effects (font (size 0.4 0.4) (thickness 0.051)))
    )
    (fp_line (start -5 6.53) (end -5 -7.87) (layer F.CrtYd) (width 0.05))
    (fp_line (start -4.5 6.03) (end -4.5 -4.37) (layer F.Fab) (width 0.1))
    (fp_text user %R (at 0 1.55 270) (layer F.Fab)
      (effects (font (size 1 1) (thickness 0.15)))
    )
    (fp_line (start -4.5 -4.47) (end -4.5 6.03) (layer F.SilkS) (width 0.12))
    (fp_line (start 4.5 -4.47) (end 4.5 6.03) (layer F.SilkS) (width 0.12))
    (fp_circle (center 0 0.03) (end 1.5 0.03) (layer Dwgs.User) (width 0.12))
    (fp_line (start 0.09 1.51) (end 1.48 0.12) (layer Dwgs.User) (width 0.12))
    (fp_line (start -0.58 1.38) (end 1.36 -0.56) (layer Dwgs.User) (width 0.12))
    (fp_line (start -1.07 1.04) (end 1.01 -1.04) (layer Dwgs.User) (width 0.12))
    (fp_line (start -1.42 0.425) (end 0.4 -1.39) (layer Dwgs.User) (width 0.12))
    (fp_line (start -1.41 -0.43) (end -0.46 -1.38) (layer Dwgs.User) (width 0.12))
    (fp_line (start 4.5 6.03) (end 0.5 6.03) (layer F.SilkS) (width 0.12))
    (fp_line (start -0.5 6.03) (end -4.5 6.03) (layer F.SilkS) (width 0.12))
    (fp_line (start 4.5 -4.47) (end 0.35 -4.47) (layer F.SilkS) (width 0.12))
    (fp_line (start -0.35 -4.47) (end -4.5 -4.47) (layer F.SilkS) (width 0.12))
    (fp_circle (center 0 0.03) (end 1.8 0.03) (layer F.SilkS) (width 0.12))
    (fp_line (start -1.06 -7.45) (end -1.06 -6.65) (layer F.SilkS) (width 0.12))
    (fp_line (start -1.06 -7.45) (end -0.2 -7.45) (layer F.SilkS) (width 0.12))
    (fp_line (start 4.5 6.03) (end 4.5 -4.37) (layer F.Fab) (width 0.1))
    (fp_line (start 4.5 6.03) (end -4.5 6.03) (layer F.Fab) (width 0.1))
    (fp_line (start 5 6.53) (end 5 -7.87) (layer F.CrtYd) (width 0.05))
    (fp_line (start 5 6.53) (end -5 6.53) (layer F.CrtYd) (width 0.05))
    (fp_line (start 5 -7.87) (end -5 -7.87) (layer F.CrtYd) (width 0.05))
    (fp_line (start 4.5 -4.42) (end -4.5 -4.42) (layer F.Fab) (width 0.1))
    (fp_circle (center 0 0.03) (end 1.8 0.03) (layer F.Fab) (width 0.1))
    (fp_line (start 0 -6.45) (end 0 -4.42) (layer F.Fab) (width 0.1))
    (pad TN thru_hole circle (at 0 -3.35 270) (size 2.13 2.13) (drill 1.42) (layers *.Cu *.Mask))
    (pad S thru_hole rect (at 0 -6.45 270) (size 1.93 1.83) (drill 1.22) (layers *.Cu *.Mask)
      (net 1 GNDREF))
    (pad T thru_hole circle (at 0 4.95 270) (size 2.13 2.13) (drill 1.43) (layers *.Cu *.Mask)
      (net 15 "Net-(J5-Pad9)"))
    (pad "" thru_hole circle (at 0 0 90) (size 3.1 3.1) (drill 3) (layers *.Cu *.Mask))
    (model ${KISYS3DMOD}/Connector_Audio.3dshapes/Jack_3.5mm_QingPu_WQP-PJ398SM_Vertical.wrl
      (at (xyz 0 0 0))
      (scale (xyz 1 1 1))
      (rotate (xyz 0 0 0))
    )
  )

  (module Eurorack:switch (layer F.Cu) (tedit 5D83CFD5) (tstamp 5D841D00)
    (at 78.74 73.025 90)
    (path /5D843FDE)
    (fp_text reference SW1 (at -1.4 -7.4 90) (layer F.SilkS)
      (effects (font (size 1 1) (thickness 0.15)))
    )
    (fp_text value Lin_Log_A (at 0 -0.5 90) (layer F.Fab)
      (effects (font (size 1 1) (thickness 0.15)))
    )
    (fp_circle (center 0 0) (end 3 0) (layer F.CrtYd) (width 0.12))
    (fp_line (start -3.6 6.6) (end -3.6 -6.6) (layer F.CrtYd) (width 0.12))
    (fp_line (start 3.6 6.6) (end -3.6 6.6) (layer F.CrtYd) (width 0.12))
    (fp_line (start 3.6 -6.6) (end 3.6 6.6) (layer F.CrtYd) (width 0.12))
    (fp_line (start -3.6 -6.6) (end 3.6 -6.6) (layer F.CrtYd) (width 0.12))
    (fp_line (start -3.5 6.5) (end -3.5 -6.5) (layer F.SilkS) (width 0.12))
    (fp_line (start 3.5 6.5) (end -3.5 6.5) (layer F.SilkS) (width 0.12))
    (fp_line (start 3.5 -6.5) (end 3.5 6.5) (layer F.SilkS) (width 0.12))
    (fp_line (start -3.5 -6.5) (end 3.5 -6.5) (layer F.SilkS) (width 0.12))
    (pad 3 thru_hole circle (at 0 4.6 90) (size 3.2 3.2) (drill 2.2) (layers *.Cu *.Mask)
      (net 12 "Net-(J5-Pad6)"))
    (pad 2 thru_hole circle (at 0 0 90) (size 3.2 3.2) (drill 2.2) (layers *.Cu *.Mask)
      (net 13 "Net-(J5-Pad7)"))
    (pad 1 thru_hole circle (at 0 -4.7 90) (size 3.2 3.2) (drill 2.2) (layers *.Cu *.Mask)
      (net 11 "Net-(J5-Pad5)"))
  )

  (module Eurorack:switch (layer F.Cu) (tedit 5D83CFD5) (tstamp 5D841D10)
    (at 78.74 130.175 90)
    (path /5D843CF7)
    (fp_text reference SW2 (at -1.4 -7.4 90) (layer F.SilkS)
      (effects (font (size 1 1) (thickness 0.15)))
    )
    (fp_text value Lin_Log_B (at 0 -0.5 90) (layer F.Fab)
      (effects (font (size 1 1) (thickness 0.15)))
    )
    (fp_line (start -3.5 -6.5) (end 3.5 -6.5) (layer F.SilkS) (width 0.12))
    (fp_line (start 3.5 -6.5) (end 3.5 6.5) (layer F.SilkS) (width 0.12))
    (fp_line (start 3.5 6.5) (end -3.5 6.5) (layer F.SilkS) (width 0.12))
    (fp_line (start -3.5 6.5) (end -3.5 -6.5) (layer F.SilkS) (width 0.12))
    (fp_line (start -3.6 -6.6) (end 3.6 -6.6) (layer F.CrtYd) (width 0.12))
    (fp_line (start 3.6 -6.6) (end 3.6 6.6) (layer F.CrtYd) (width 0.12))
    (fp_line (start 3.6 6.6) (end -3.6 6.6) (layer F.CrtYd) (width 0.12))
    (fp_line (start -3.6 6.6) (end -3.6 -6.6) (layer F.CrtYd) (width 0.12))
    (fp_circle (center 0 0) (end 3 0) (layer F.CrtYd) (width 0.12))
    (pad 1 thru_hole circle (at 0 -4.7 90) (size 3.2 3.2) (drill 2.2) (layers *.Cu *.Mask)
      (net 18 "Net-(J10-Pad5)"))
    (pad 2 thru_hole circle (at 0 0 90) (size 3.2 3.2) (drill 2.2) (layers *.Cu *.Mask)
      (net 16 "Net-(J10-Pad7)"))
