(kicad_pcb (version 20171130) (host pcbnew 5.1.4)

  (general
    (thickness 1.6)
    (drawings 4)
    (tracks 72)
    (zones 0)
    (modules 14)
    (nets 18)
  )

  (page A4)
  (layers
    (0 F.Cu signal)
    (31 B.Cu signal)
    (32 B.Adhes user)
    (33 F.Adhes user)
    (34 B.Paste user)
    (35 F.Paste user)
    (36 B.SilkS user)
    (37 F.SilkS user)
    (38 B.Mask user)
    (39 F.Mask user)
    (40 Dwgs.User user)
    (41 Cmts.User user)
    (42 Eco1.User user)
    (43 Eco2.User user)
    (44 Edge.Cuts user)
    (45 Margin user)
    (46 B.CrtYd user)
    (47 F.CrtYd user)
    (48 B.Fab user hide)
    (49 F.Fab user hide)
  )

  (setup
    (last_trace_width 0.25)
    (trace_clearance 0.2)
    (zone_clearance 0.508)
    (zone_45_only no)
    (trace_min 0.2)
    (via_size 0.8)
    (via_drill 0.4)
    (via_min_size 0.4)
    (via_min_drill 0.3)
    (user_via 4 3)
    (uvia_size 0.3)
    (uvia_drill 0.1)
    (uvias_allowed no)
    (uvia_min_size 0.2)
    (uvia_min_drill 0.1)
    (edge_width 0.05)
    (segment_width 0.2)
    (pcb_text_width 0.3)
    (pcb_text_size 1.5 1.5)
    (mod_edge_width 0.12)
    (mod_text_size 1 1)
    (mod_text_width 0.15)
    (pad_size 4 4)
    (pad_drill 2)
    (pad_to_mask_clearance 0.051)
    (solder_mask_min_width 0.25)
    (aux_axis_origin 0 0)
    (visible_elements FFFFFF7F)
    (pcbplotparams
      (layerselection 0x010fc_ffffffff)
      (usegerberextensions false)
      (usegerberattributes false)
      (usegerberadvancedattributes false)
      (creategerberjobfile false)
      (excludeedgelayer true)
      (linewidth 0.100000)
      (plotframeref false)
      (viasonmask false)
      (mode 1)
      (useauxorigin false)
      (hpglpennumber 1)
      (hpglpenspeed 20)
      (hpglpendiameter 15.000000)
      (psnegative false)
      (psa4output false)
      (plotreference true)
      (plotvalue true)
      (plotinvisibletext false)
      (padsonsilk false)
      (subtractmaskfromsilk false)
      (outputformat 1)
      (mirror false)
      (drillshape 1)
      (scaleselection 1)
      (outputdirectory ""))
  )

  (net 0 "")
  (net 1 "Net-(J2-PadT)")
  (net 2 "Net-(J3-PadT)")
  (net 3 "Net-(J4-PadT)")
  (net 4 "Net-(J4-PadS)")
  (net 5 "Net-(J5-PadT)")
  (net 6 "Net-(J6-PadT)")
  (net 7 GNDREF)
  (net 8 /Out)
  (net 9 +12V)
  (net 10 -12V)
  (net 11 /Res)
  (net 12 /Res_Mod)
  (net 13 /Cutoff)
  (net 14 /Cutoff_Mod)
  (net 15 /In_1)
  (net 16 /In_2)
  (net 17 /In_3)

  (net_class Default "This is the default net class."
    (clearance 0.2)
    (trace_width 0.25)
    (via_dia 0.8)
    (via_drill 0.4)
    (uvia_dia 0.3)
    (uvia_drill 0.1)
    (add_net +12V)
    (add_net -12V)
    (add_net /Cutoff)
    (add_net /Cutoff_Mod)
    (add_net /In_1)
    (add_net /In_2)
    (add_net /In_3)
    (add_net /Out)
    (add_net /Res)
    (add_net /Res_Mod)
    (add_net GNDREF)
    (add_net "Net-(J2-PadT)")
    (add_net "Net-(J3-PadT)")
    (add_net "Net-(J4-PadS)")
    (add_net "Net-(J4-PadT)")
    (add_net "Net-(J5-PadT)")
    (add_net "Net-(J6-PadT)")
  )

  (module Eurorack:Jack_3.5mm_QingPu_WQP-PJ398SM_Vertical_CircularHoles (layer F.Cu) (tedit 5D7C6005) (tstamp 5D8977DD)
    (at 91.44 154.94 90)
    (descr "TRS 3.5mm, vertical, Thonkiconn, PCB mount, (http://www.qingpu-electronics.com/en/products/WQP-PJ398SM-362.html)")
    (tags "WQP-PJ398SM WQP-PJ301M-12 TRS 3.5mm mono vertical jack thonkiconn qingpu")
    (path /5D8A70DA)
    (fp_text reference J1 (at -4.03 -5.37 270) (layer F.SilkS)
      (effects (font (size 1 1) (thickness 0.15)))
    )
    (fp_text value "Res Mod" (at 0 4.9 270) (layer F.Fab)
      (effects (font (size 1 1) (thickness 0.15)))
    )
    (fp_line (start 0 -6.45) (end 0 -4.42) (layer F.Fab) (width 0.1))
    (fp_circle (center 0 0.03) (end 1.8 0.03) (layer F.Fab) (width 0.1))
    (fp_line (start 4.5 -4.42) (end -4.5 -4.42) (layer F.Fab) (width 0.1))
    (fp_line (start 5 -7.87) (end -5 -7.87) (layer F.CrtYd) (width 0.05))
    (fp_line (start 5 6.53) (end -5 6.53) (layer F.CrtYd) (width 0.05))
    (fp_line (start 5 6.53) (end 5 -7.87) (layer F.CrtYd) (width 0.05))
    (fp_line (start 4.5 6.03) (end -4.5 6.03) (layer F.Fab) (width 0.1))
    (fp_line (start 4.5 6.03) (end 4.5 -4.37) (layer F.Fab) (width 0.1))
    (fp_line (start -1.06 -7.45) (end -0.2 -7.45) (layer F.SilkS) (width 0.12))
    (fp_line (start -1.06 -7.45) (end -1.06 -6.65) (layer F.SilkS) (width 0.12))
    (fp_circle (center 0 0.03) (end 1.8 0.03) (layer F.SilkS) (width 0.12))
    (fp_line (start -0.35 -4.47) (end -4.5 -4.47) (layer F.SilkS) (width 0.12))
    (fp_line (start 4.5 -4.47) (end 0.35 -4.47) (layer F.SilkS) (width 0.12))
    (fp_line (start -0.5 6.03) (end -4.5 6.03) (layer F.SilkS) (width 0.12))
    (fp_line (start 4.5 6.03) (end 0.5 6.03) (layer F.SilkS) (width 0.12))
    (fp_line (start -1.41 -0.43) (end -0.46 -1.38) (layer Dwgs.User) (width 0.12))
    (fp_line (start -1.42 0.425) (end 0.4 -1.39) (layer Dwgs.User) (width 0.12))
    (fp_line (start -1.07 1.04) (end 1.01 -1.04) (layer Dwgs.User) (width 0.12))
    (fp_line (start -0.58 1.38) (end 1.36 -0.56) (layer Dwgs.User) (width 0.12))
    (fp_line (start 0.09 1.51) (end 1.48 0.12) (layer Dwgs.User) (width 0.12))
    (fp_circle (center 0 0.03) (end 1.5 0.03) (layer Dwgs.User) (width 0.12))
    (fp_line (start 4.5 -4.47) (end 4.5 6.03) (layer F.SilkS) (width 0.12))
    (fp_line (start -4.5 -4.47) (end -4.5 6.03) (layer F.SilkS) (width 0.12))
    (fp_text user %R (at 0 1.55 270) (layer F.Fab)
      (effects (font (size 1 1) (thickness 0.15)))
    )
    (fp_line (start -4.5 6.03) (end -4.5 -4.37) (layer F.Fab) (width 0.1))
    (fp_line (start -5 6.53) (end -5 -7.87) (layer F.CrtYd) (width 0.05))
    (fp_text user KEEPOUT (at 0 0.03 90) (layer Cmts.User)
      (effects (font (size 0.4 0.4) (thickness 0.051)))
    )
    (pad "" thru_hole circle (at 0 0 90) (size 3.1 3.1) (drill 3) (layers *.Cu *.Mask))
    (pad T thru_hole circle (at 0 4.95 270) (size 2.13 2.13) (drill 1.43) (layers *.Cu *.Mask)
      (net 8 /Out))
    (pad S thru_hole rect (at 0 -6.45 270) (size 1.93 1.83) (drill 1.22) (layers *.Cu *.Mask)
      (net 7 GNDREF))
    (pad TN thru_hole circle (at 0 -3.35 270) (size 2.13 2.13) (drill 1.42) (layers *.Cu *.Mask))
    (model ${KISYS3DMOD}/Connector_Audio.3dshapes/Jack_3.5mm_QingPu_WQP-PJ398SM_Vertical.wrl
      (at (xyz 0 0 0))
      (scale (xyz 1 1 1))
      (rotate (xyz 0 0 0))
    )
  )

  (module Eurorack:Jack_3.5mm_QingPu_WQP-PJ398SM_Vertical_CircularHoles (layer F.Cu) (tedit 5D7C6005) (tstamp 5D897800)
    (at 75.184 94.615)
    (descr "TRS 3.5mm, vertical, Thonkiconn, PCB mount, (http://www.qingpu-electronics.com/en/products/WQP-PJ398SM-362.html)")
    (tags "WQP-PJ398SM WQP-PJ301M-12 TRS 3.5mm mono vertical jack thonkiconn qingpu")
    (path /5D8A6D68)
    (fp_text reference J2 (at -4.03 -5.37 180) (layer F.SilkS)
      (effects (font (size 1 1) (thickness 0.15)))
    )
    (fp_text value "Cutoff Mod" (at 0 4.9 180) (layer F.Fab)
      (effects (font (size 1 1) (thickness 0.15)))
    )
    (fp_text user KEEPOUT (at 0 0.03) (layer Cmts.User)
      (effects (font (size 0.4 0.4) (thickness 0.051)))
    )
    (fp_line (start -5 6.53) (end -5 -7.87) (layer F.CrtYd) (width 0.05))
    (fp_line (start -4.5 6.03) (end -4.5 -4.37) (layer F.Fab) (width 0.1))
    (fp_text user %R (at 0 1.55 180) (layer F.Fab)
      (effects (font (size 1 1) (thickness 0.15)))
    )
    (fp_line (start -4.5 -4.47) (end -4.5 6.03) (layer F.SilkS) (width 0.12))
    (fp_line (start 4.5 -4.47) (end 4.5 6.03) (layer F.SilkS) (width 0.12))
    (fp_circle (center 0 0.03) (end 1.5 0.03) (layer Dwgs.User) (width 0.12))
    (fp_line (start 0.09 1.51) (end 1.48 0.12) (layer Dwgs.User) (width 0.12))
    (fp_line (start -0.58 1.38) (end 1.36 -0.56) (layer Dwgs.User) (width 0.12))
    (fp_line (start -1.07 1.04) (end 1.01 -1.04) (layer Dwgs.User) (width 0.12))
    (fp_line (start -1.42 0.425) (end 0.4 -1.39) (layer Dwgs.User) (width 0.12))
    (fp_line (start -1.41 -0.43) (end -0.46 -1.38) (layer Dwgs.User) (width 0.12))
    (fp_line (start 4.5 6.03) (end 0.5 6.03) (layer F.SilkS) (width 0.12))
    (fp_line (start -0.5 6.03) (end -4.5 6.03) (layer F.SilkS) (width 0.12))
    (fp_line (start 4.5 -4.47) (end 0.35 -4.47) (layer F.SilkS) (width 0.12))
    (fp_line (start -0.35 -4.47) (end -4.5 -4.47) (layer F.SilkS) (width 0.12))
    (fp_circle (center 0 0.03) (end 1.8 0.03) (layer F.SilkS) (width 0.12))
    (fp_line (start -1.06 -7.45) (end -1.06 -6.65) (layer F.SilkS) (width 0.12))
    (fp_line (start -1.06 -7.45) (end -0.2 -7.45) (layer F.SilkS) (width 0.12))
    (fp_line (start 4.5 6.03) (end 4.5 -4.37) (layer F.Fab) (width 0.1))
    (fp_line (start 4.5 6.03) (end -4.5 6.03) (layer F.Fab) (width 0.1))
    (fp_line (start 5 6.53) (end 5 -7.87) (layer F.CrtYd) (width 0.05))
    (fp_line (start 5 6.53) (end -5 6.53) (layer F.CrtYd) (width 0.05))
    (fp_line (start 5 -7.87) (end -5 -7.87) (layer F.CrtYd) (width 0.05))
    (fp_line (start 4.5 -4.42) (end -4.5 -4.42) (layer F.Fab) (width 0.1))
    (fp_circle (center 0 0.03) (end 1.8 0.03) (layer F.Fab) (width 0.1))
    (fp_line (start 0 -6.45) (end 0 -4.42) (layer F.Fab) (width 0.1))
    (pad TN thru_hole circle (at 0 -3.35 180) (size 2.13 2.13) (drill 1.42) (layers *.Cu *.Mask))
    (pad S thru_hole rect (at 0 -6.45 180) (size 1.93 1.83) (drill 1.22) (layers *.Cu *.Mask)
      (net 7 GNDREF))
    (pad T thru_hole circle (at 0 4.95 180) (size 2.13 2.13) (drill 1.43) (layers *.Cu *.Mask)
      (net 1 "Net-(J2-PadT)"))
    (pad "" thru_hole circle (at 0 0) (size 3.1 3.1) (drill 3) (layers *.Cu *.Mask))
    (model ${KISYS3DMOD}/Connector_Audio.3dshapes/Jack_3.5mm_QingPu_WQP-PJ398SM_Vertical.wrl
      (at (xyz 0 0 0))
      (scale (xyz 1 1 1))
      (rotate (xyz 0 0 0))
    )
  )

  (module Eurorack:Jack_3.5mm_QingPu_WQP-PJ398SM_Vertical_CircularHoles (layer F.Cu) (tedit 5D7C6005) (tstamp 5D897823)
    (at 92.456 110.49)
    (descr "TRS 3.5mm, vertical, Thonkiconn, PCB mount, (http://www.qingpu-electronics.com/en/products/WQP-PJ398SM-362.html)")
    (tags "WQP-PJ398SM WQP-PJ301M-12 TRS 3.5mm mono vertical jack thonkiconn qingpu")
    (path /5D8ABBEC)
    (fp_text reference J3 (at -4.03 -5.37 180) (layer F.SilkS)
      (effects (font (size 1 1) (thickness 0.15)))
    )
    (fp_text value In1 (at 0 4.9 180) (layer F.Fab)
      (effects (font (size 1 1) (thickness 0.15)))
    )
    (fp_text user KEEPOUT (at 0 0.03) (layer Cmts.User)
      (effects (font (size 0.4 0.4) (thickness 0.051)))
    )
    (fp_line (start -5 6.53) (end -5 -7.87) (layer F.CrtYd) (width 0.05))
    (fp_line (start -4.5 6.03) (end -4.5 -4.37) (layer F.Fab) (width 0.1))
    (fp_text user %R (at 0 1.55 180) (layer F.Fab)
      (effects (font (size 1 1) (thickness 0.15)))
    )
    (fp_line (start -4.5 -4.47) (end -4.5 6.03) (layer F.SilkS) (width 0.12))
    (fp_line (start 4.5 -4.47) (end 4.5 6.03) (layer F.SilkS) (width 0.12))
    (fp_circle (center 0 0.03) (end 1.5 0.03) (layer Dwgs.User) (width 0.12))
    (fp_line (start 0.09 1.51) (end 1.48 0.12) (layer Dwgs.User) (width 0.12))
    (fp_line (start -0.58 1.38) (end 1.36 -0.56) (layer Dwgs.User) (width 0.12))
    (fp_line (start -1.07 1.04) (end 1.01 -1.04) (layer Dwgs.User) (width 0.12))
    (fp_line (start -1.42 0.425) (end 0.4 -1.39) (layer Dwgs.User) (width 0.12))
    (fp_line (start -1.41 -0.43) (end -0.46 -1.38) (layer Dwgs.User) (width 0.12))
    (fp_line (start 4.5 6.03) (end 0.5 6.03) (layer F.SilkS) (width 0.12))
    (fp_line (start -0.5 6.03) (end -4.5 6.03) (layer F.SilkS) (width 0.12))
    (fp_line (start 4.5 -4.47) (end 0.35 -4.47) (layer F.SilkS) (width 0.12))
    (fp_line (start -0.35 -4.47) (end -4.5 -4.47) (layer F.SilkS) (width 0.12))
    (fp_circle (center 0 0.03) (end 1.8 0.03) (layer F.SilkS) (width 0.12))
    (fp_line (start -1.06 -7.45) (end -1.06 -6.65) (layer F.SilkS) (width 0.12))
    (fp_line (start -1.06 -7.45) (end -0.2 -7.45) (layer F.SilkS) (width 0.12))
    (fp_line (start 4.5 6.03) (end 4.5 -4.37) (layer F.Fab) (width 0.1))
    (fp_line (start 4.5 6.03) (end -4.5 6.03) (layer F.Fab) (width 0.1))
    (fp_line (start 5 6.53) (end 5 -7.87) (layer F.CrtYd) (width 0.05))
    (fp_line (start 5 6.53) (end -5 6.53) (layer F.CrtYd) (width 0.05))
    (fp_line (start 5 -7.87) (end -5 -7.87) (layer F.CrtYd) (width 0.05))
    (fp_line (start 4.5 -4.42) (end -4.5 -4.42) (layer F.Fab) (width 0.1))
    (fp_circle (center 0 0.03) (end 1.8 0.03) (layer F.Fab) (width 0.1))
    (fp_line (start 0 -6.45) (end 0 -4.42) (layer F.Fab) (width 0.1))
    (pad TN thru_hole circle (at 0 -3.35 180) (size 2.13 2.13) (drill 1.42) (layers *.Cu *.Mask))
    (pad S thru_hole rect (at 0 -6.45 180) (size 1.93 1.83) (drill 1.22) (layers *.Cu *.Mask)
      (net 7 GNDREF))
    (pad T thru_hole circle (at 0 4.95 180) (size 2.13 2.13) (drill 1.43) (layers *.Cu *.Mask)
      (net 2 "Net-(J3-PadT)"))
    (pad "" thru_hole circle (at 0 0) (size 3.1 3.1) (drill 3) (layers *.Cu *.Mask))
    (model ${KISYS3DMOD}/Connector_Audio.3dshapes/Jack_3.5mm_QingPu_WQP-PJ398SM_Vertical.wrl
      (at (xyz 0 0 0))
      (scale (xyz 1 1 1))
      (rotate (xyz 0 0 0))
    )
  )

  (module Eurorack:Jack_3.5mm_QingPu_WQP-PJ398SM_Vertical_CircularHoles (layer F.Cu) (tedit 5D7C6005) (tstamp 5D897846)
    (at 92.456 126.492)
    (descr "TRS 3.5mm, vertical, Thonkiconn, PCB mount, (http://www.qingpu-electronics.com/en/products/WQP-PJ398SM-362.html)")
    (tags "WQP-PJ398SM WQP-PJ301M-12 TRS 3.5mm mono vertical jack thonkiconn qingpu")
    (path /5D8ABFF4)
    (fp_text reference J4 (at -4.03 -5.37 180) (layer F.SilkS)
      (effects (font (size 1 1) (thickness 0.15)))
    )
    (fp_text value In2 (at 0 4.9 180) (layer F.Fab)
      (effects (font (size 1 1) (thickness 0.15)))
    )
    (fp_line (start 0 -6.45) (end 0 -4.42) (layer F.Fab) (width 0.1))
    (fp_circle (center 0 0.03) (end 1.8 0.03) (layer F.Fab) (width 0.1))
    (fp_line (start 4.5 -4.42) (end -4.5 -4.42) (layer F.Fab) (width 0.1))
    (fp_line (start 5 -7.87) (end -5 -7.87) (layer F.CrtYd) (width 0.05))
    (fp_line (start 5 6.53) (end -5 6.53) (layer F.CrtYd) (width 0.05))
    (fp_line (start 5 6.53) (end 5 -7.87) (layer F.CrtYd) (width 0.05))
    (fp_line (start 4.5 6.03) (end -4.5 6.03) (layer F.Fab) (width 0.1))
    (fp_line (start 4.5 6.03) (end 4.5 -4.37) (layer F.Fab) (width 0.1))
    (fp_line (start -1.06 -7.45) (end -0.2 -7.45) (layer F.SilkS) (width 0.12))
    (fp_line (start -1.06 -7.45) (end -1.06 -6.65) (layer F.SilkS) (width 0.12))
    (fp_circle (center 0 0.03) (end 1.8 0.03) (layer F.SilkS) (width 0.12))
    (fp_line (start -0.35 -4.47) (end -4.5 -4.47) (layer F.SilkS) (width 0.12))
    (fp_line (start 4.5 -4.47) (end 0.35 -4.47) (layer F.SilkS) (width 0.12))
    (fp_line (start -0.5 6.03) (end -4.5 6.03) (layer F.SilkS) (width 0.12))
    (fp_line (start 4.5 6.03) (end 0.5 6.03) (layer F.SilkS) (width 0.12))
    (fp_line (start -1.41 -0.43) (end -0.46 -1.38) (layer Dwgs.User) (width 0.12))
    (fp_line (start -1.42 0.425) (end 0.4 -1.39) (layer Dwgs.User) (width 0.12))
    (fp_line (start -1.07 1.04) (end 1.01 -1.04) (layer Dwgs.User) (width 0.12))
    (fp_line (start -0.58 1.38) (end 1.36 -0.56) (layer Dwgs.User) (width 0.12))
    (fp_line (start 0.09 1.51) (end 1.48 0.12) (layer Dwgs.User) (width 0.12))
    (fp_circle (center 0 0.03) (end 1.5 0.03) (layer Dwgs.User) (width 0.12))
    (fp_line (start 4.5 -4.47) (end 4.5 6.03) (layer F.SilkS) (width 0.12))
    (fp_line (start -4.5 -4.47) (end -4.5 6.03) (layer F.SilkS) (width 0.12))
    (fp_text user %R (at 0 1.55 180) (layer F.Fab)
      (effects (font (size 1 1) (thickness 0.15)))
    )
    (fp_line (start -4.5 6.03) (end -4.5 -4.37) (layer F.Fab) (width 0.1))
    (fp_line (start -5 6.53) (end -5 -7.87) (layer F.CrtYd) (width 0.05))
    (fp_text user KEEPOUT (at 0 0.03) (layer Cmts.User)
      (effects (font (size 0.4 0.4) (thickness 0.051)))
    )
    (pad "" thru_hole circle (at 0 0) (size 3.1 3.1) (drill 3) (layers *.Cu *.Mask))
    (pad T thru_hole circle (at 0 4.95 180) (size 2.13 2.13) (drill 1.43) (layers *.Cu *.Mask)
      (net 3 "Net-(J4-PadT)"))
    (pad S thru_hole rect (at 0 -6.45 180) (size 1.93 1.83) (drill 1.22) (layers *.Cu *.Mask)
      (net 4 "Net-(J4-PadS)"))
    (pad TN thru_hole circle (at 0 -3.35 180) (size 2.13 2.13) (drill 1.42) (layers *.Cu *.Mask))
    (model ${KISYS3DMOD}/Connector_Audio.3dshapes/Jack_3.5mm_QingPu_WQP-PJ398SM_Vertical.wrl
      (at (xyz 0 0 0))
      (scale (xyz 1 1 1))
      (rotate (xyz 0 0 0))
    )
  )

  (module Eurorack:Jack_3.5mm_QingPu_WQP-PJ398SM_Vertical_CircularHoles (layer F.Cu) (tedit 5D7C6005) (tstamp 5D897869)
    (at 92.456 142.24)
    (descr "TRS 3.5mm, vertical, Thonkiconn, PCB mount, (http://www.qingpu-electronics.com/en/products/WQP-PJ398SM-362.html)")
    (tags "WQP-PJ398SM WQP-PJ301M-12 TRS 3.5mm mono vertical jack thonkiconn qingpu")
    (path /5D8AC3FC)
    (fp_text reference J5 (at -4.03 -5.37 180) (layer F.SilkS)
      (effects (font (size 1 1) (thickness 0.15)))
    )
    (fp_text value In3 (at 0 4.9 180) (layer F.Fab)
      (effects (font (size 1 1) (thickness 0.15)))
    )
    (fp_text user KEEPOUT (at 0 0.03) (layer Cmts.User)
      (effects (font (size 0.4 0.4) (thickness 0.051)))
    )
    (fp_line (start -5 6.53) (end -5 -7.87) (layer F.CrtYd) (width 0.05))
    (fp_line (start -4.5 6.03) (end -4.5 -4.37) (layer F.Fab) (width 0.1))
    (fp_text user %R (at 0 1.55 180) (layer F.Fab)
      (effects (font (size 1 1) (thickness 0.15)))
    )
    (fp_line (start -4.5 -4.47) (end -4.5 6.03) (layer F.SilkS) (width 0.12))
    (fp_line (start 4.5 -4.47) (end 4.5 6.03) (layer F.SilkS) (width 0.12))
    (fp_circle (center 0 0.03) (end 1.5 0.03) (layer Dwgs.User) (width 0.12))
    (fp_line (start 0.09 1.51) (end 1.48 0.12) (layer Dwgs.User) (width 0.12))
    (fp_line (start -0.58 1.38) (end 1.36 -0.56) (layer Dwgs.User) (width 0.12))
    (fp_line (start -1.07 1.04) (end 1.01 -1.04) (layer Dwgs.User) (width 0.12))
    (fp_line (start -1.42 0.425) (end 0.4 -1.39) (layer Dwgs.User) (width 0.12))
    (fp_line (start -1.41 -0.43) (end -0.46 -1.38) (layer Dwgs.User) (width 0.12))
    (fp_line (start 4.5 6.03) (end 0.5 6.03) (layer F.SilkS) (width 0.12))
    (fp_line (start -0.5 6.03) (end -4.5 6.03) (layer F.SilkS) (width 0.12))
    (fp_line (start 4.5 -4.47) (end 0.35 -4.47) (layer F.SilkS) (width 0.12))
    (fp_line (start -0.35 -4.47) (end -4.5 -4.47) (layer F.SilkS) (width 0.12))
    (fp_circle (center 0 0.03) (end 1.8 0.03) (layer F.SilkS) (width 0.12))
    (fp_line (start -1.06 -7.45) (end -1.06 -6.65) (layer F.SilkS) (width 0.12))
    (fp_line (start -1.06 -7.45) (end -0.2 -7.45) (layer F.SilkS) (width 0.12))
    (fp_line (start 4.5 6.03) (end 4.5 -4.37) (layer F.Fab) (width 0.1))
    (fp_line (start 4.5 6.03) (end -4.5 6.03) (layer F.Fab) (width 0.1))
    (fp_line (start 5 6.53) (end 5 -7.87) (layer F.CrtYd) (width 0.05))
    (fp_line (start 5 6.53) (end -5 6.53) (layer F.CrtYd) (width 0.05))
    (fp_line (start 5 -7.87) (end -5 -7.87) (layer F.CrtYd) (width 0.05))
    (fp_line (start 4.5 -4.42) (end -4.5 -4.42) (layer F.Fab) (width 0.1))
    (fp_circle (center 0 0.03) (end 1.8 0.03) (layer F.Fab) (width 0.1))
    (fp_line (start 0 -6.45) (end 0 -4.42) (layer F.Fab) (width 0.1))
    (pad TN thru_hole circle (at 0 -3.35 180) (size 2.13 2.13) (drill 1.42) (layers *.Cu *.Mask))
    (pad S thru_hole rect (at 0 -6.45 180) (size 1.93 1.83) (drill 1.22) (layers *.Cu *.Mask)
      (net 7 GNDREF))
    (pad T thru_hole circle (at 0 4.95 180) (size 2.13 2.13) (drill 1.43) (layers *.Cu *.Mask)
      (net 5 "Net-(J5-PadT)"))
    (pad "" thru_hole circle (at 0 0) (size 3.1 3.1) (drill 3) (layers *.Cu *.Mask))
    (model ${KISYS3DMOD}/Connector_Audio.3dshapes/Jack_3.5mm_QingPu_WQP-PJ398SM_Vertical.wrl
      (at (xyz 0 0 0))
      (scale (xyz 1 1 1))
      (rotate (xyz 0 0 0))
    )
  )

  (module Eurorack:Jack_3.5mm_QingPu_WQP-PJ398SM_Vertical_CircularHoles (layer F.Cu) (tedit 5D7C6005) (tstamp 5D89788C)
    (at 92.456 94.615)
    (descr "TRS 3.5mm, vertical, Thonkiconn, PCB mount, (http://www.qingpu-electronics.com/en/products/WQP-PJ398SM-362.html)")
    (tags "WQP-PJ398SM WQP-PJ301M-12 TRS 3.5mm mono vertical jack thonkiconn qingpu")
    (path /5D8ACA75)
    (fp_text reference J6 (at -4.03 -5.37 180) (layer F.SilkS)
      (effects (font (size 1 1) (thickness 0.15)))
    )
    (fp_text value Out (at 0 4.9 180) (layer F.Fab)
      (effects (font (size 1 1) (thickness 0.15)))
    )
    (fp_line (start 0 -6.45) (end 0 -4.42) (layer F.Fab) (width 0.1))
    (fp_circle (center 0 0.03) (end 1.8 0.03) (layer F.Fab) (width 0.1))
    (fp_line (start 4.5 -4.42) (end -4.5 -4.42) (layer F.Fab) (width 0.1))
    (fp_line (start 5 -7.87) (end -5 -7.87) (layer F.CrtYd) (width 0.05))
    (fp_line (start 5 6.53) (end -5 6.53) (layer F.CrtYd) (width 0.05))
    (fp_line (start 5 6.53) (end 5 -7.87) (layer F.CrtYd) (width 0.05))
    (fp_line (start 4.5 6.03) (end -4.5 6.03) (layer F.Fab) (width 0.1))
    (fp_line (start 4.5 6.03) (end 4.5 -4.37) (layer F.Fab) (width 0.1))
    (fp_line (start -1.06 -7.45) (end -0.2 -7.45) (layer F.SilkS) (width 0.12))
    (fp_line (start -1.06 -7.45) (end -1.06 -6.65) (layer F.SilkS) (width 0.12))
    (fp_circle (center 0 0.03) (end 1.8 0.03) (layer F.SilkS) (width 0.12))
    (fp_line (start -0.35 -4.47) (end -4.5 -4.47) (layer F.SilkS) (width 0.12))
    (fp_line (start 4.5 -4.47) (end 0.35 -4.47) (layer F.SilkS) (width 0.12))
    (fp_line (start -0.5 6.03) (end -4.5 6.03) (layer F.SilkS) (width 0.12))
    (fp_line (start 4.5 6.03) (end 0.5 6.03) (layer F.SilkS) (width 0.12))
    (fp_line (start -1.41 -0.43) (end -0.46 -1.38) (layer Dwgs.User) (width 0.12))
    (fp_line (start -1.42 0.425) (end 0.4 -1.39) (layer Dwgs.User) (width 0.12))
    (fp_line (start -1.07 1.04) (end 1.01 -1.04) (layer Dwgs.User) (width 0.12))
    (fp_line (start -0.58 1.38) (end 1.36 -0.56) (layer Dwgs.User) (width 0.12))
    (fp_line (start 0.09 1.51) (end 1.48 0.12) (layer Dwgs.User) (width 0.12))
    (fp_circle (center 0 0.03) (end 1.5 0.03) (layer Dwgs.User) (width 0.12))
    (fp_line (start 4.5 -4.47) (end 4.5 6.03) (layer F.SilkS) (width 0.12))
    (fp_line (start -4.5 -4.47) (end -4.5 6.03) (layer F.SilkS) (width 0.12))
    (fp_text user %R (at 0 1.55 180) (layer F.Fab)
      (effects (font (size 1 1) (thickness 0.15)))
    )
    (fp_line (start -4.5 6.03) (end -4.5 -4.37) (layer F.Fab) (width 0.1))
    (fp_line (start -5 6.53) (end -5 -7.87) (layer F.CrtYd) (width 0.05))
    (fp_text user KEEPOUT (at 0 0.03) (layer Cmts.User)
      (effects (font (size 0.4 0.4) (thickness 0.051)))
    )
    (pad "" thru_hole circle (at 0 0) (size 3.1 3.1) (drill 3) (layers *.Cu *.Mask))
    (pad T thru_hole circle (at 0 4.95 180) (size 2.13 2.13) (drill 1.43) (layers *.Cu *.Mask)
      (net 6 "Net-(J6-PadT)"))
    (pad S thru_hole rect (at 0 -6.45 180) (size 1.93 1.83) (drill 1.22) (layers *.Cu *.Mask)
      (net 7 GNDREF))
    (pad TN thru_hole circle (at 0 -3.35 180) (size 2.13 2.13) (drill 1.42) (layers *.Cu *.Mask))
    (model ${KISYS3DMOD}/Connector_Audio.3dshapes/Jack_3.5mm_QingPu_WQP-PJ398SM_Vertical.wrl
      (at (xyz 0 0 0))
      (scale (xyz 1 1 1))
      (rotate (xyz 0 0 0))
    )
  )

  (module Eurorack:Potentiometer_TT_P0915N (layer F.Cu) (tedit 5D8AC295) (tstamp 5D8978B2)
    (at 75.184 59.69)
    (descr http://www.ttelectronics.com/sites/default/files/download-files/Datasheet_PanelPot_P09xSeries.pdf)
    (tags "potentiometer vertical TT P0915N single")
    (path /5D8AA036)
    (fp_text reference RV1 (at -0.04 -5.98) (layer F.SilkS)
      (effects (font (size 1 1) (thickness 0.15)))
    )
    (fp_text value R_POT_US (at -0.04 9.52) (layer F.Fab)
      (effects (font (size 1 1) (thickness 0.15)))
    )
    (fp_line (start 5.43 -4.95) (end 5.43 -2.23) (layer F.SilkS) (width 0.12))
    (fp_line (start 5.43 2.27) (end 5.43 6.64) (layer F.SilkS) (width 0.12))
    (fp_line (start -5.51 2.27) (end -5.51 6.64) (layer F.SilkS) (width 0.12))
    (fp_line (start 6.96 2.27) (end 6.96 -2.23) (layer F.CrtYd) (width 0.05))
    (fp_line (start 6.96 2.27) (end 5.56 2.27) (layer F.CrtYd) (width 0.05))
    (fp_line (start 6.96 -2.23) (end 5.56 -2.23) (layer F.CrtYd) (width 0.05))
    (fp_line (start 5.56 -2.23) (end 5.56 -5.08) (layer F.CrtYd) (width 0.05))
    (fp_line (start 5.56 6.77) (end 5.56 2.27) (layer F.CrtYd) (width 0.05))
    (fp_line (start -5.64 2.27) (end -7.04 2.27) (layer F.CrtYd) (width 0.05))
    (fp_line (start -5.64 6.77) (end -5.64 2.27) (layer F.CrtYd) (width 0.05))
    (fp_line (start -7.04 2.27) (end -7.04 -2.23) (layer F.CrtYd) (width 0.05))
    (fp_line (start -5.64 -2.23) (end -7.04 -2.23) (layer F.CrtYd) (width 0.05))
    (fp_line (start 3.61 8.67) (end -3.69 8.67) (layer F.CrtYd) (width 0.05))
    (fp_line (start -3.69 8.67) (end -3.69 6.77) (layer F.CrtYd) (width 0.05))
    (fp_line (start -3.69 6.77) (end -5.64 6.77) (layer F.CrtYd) (width 0.05))
    (fp_line (start 3.61 8.67) (end 3.61 6.77) (layer F.CrtYd) (width 0.05))
    (fp_line (start -3.69 6.64) (end -5.51 6.64) (layer F.SilkS) (width 0.12))
    (fp_text user %R (at -0.04 0.02) (layer F.Fab)
      (effects (font (size 1 1) (thickness 0.15)))
    )
    (fp_line (start 5.31 -4.83) (end 5.31 6.52) (layer F.Fab) (width 0.1))
    (fp_line (start 5.31 6.52) (end -5.39 6.52) (layer F.Fab) (width 0.1))
    (fp_line (start -5.39 6.52) (end -5.39 -4.83) (layer F.Fab) (width 0.1))
    (fp_line (start -5.39 -4.83) (end 5.31 -4.83) (layer F.Fab) (width 0.1))
    (fp_circle (center -0.04 0.02) (end 2.96 0.02) (layer F.Fab) (width 0.12))
    (fp_line (start 5.43 -4.95) (end -5.51 -4.95) (layer F.SilkS) (width 0.12))
    (fp_line (start -5.51 -4.95) (end -5.51 -2.23) (layer F.SilkS) (width 0.12))
    (fp_line (start 5.43 6.64) (end 3.61 6.64) (layer F.SilkS) (width 0.12))
    (fp_line (start -5.64 -5.08) (end 5.56 -5.08) (layer F.CrtYd) (width 0.05))
    (fp_line (start 5.56 6.77) (end 3.61 6.77) (layer F.CrtYd) (width 0.05))
    (fp_line (start -5.64 -2.23) (end -5.64 -5.08) (layer F.CrtYd) (width 0.05))
    (pad 1 thru_hole rect (at -2.54 7.52) (size 1.8 1.8) (drill 1) (layers *.Cu *.Mask)
      (net 9 +12V))
    (pad 2 thru_hole circle (at -0.04 7.52) (size 1.8 1.8) (drill 1) (layers *.Cu *.Mask)
      (net 13 /Cutoff))
    (pad 3 thru_hole circle (at 2.46 7.52) (size 1.8 1.8) (drill 1) (layers *.Cu *.Mask)
      (net 7 GNDREF))
    (pad "" thru_hole oval (at -4.79 0.02) (size 4 4) (drill 2) (layers *.Cu *.Mask)
      (net 7 GNDREF))
    (pad "" thru_hole oval (at 4.71 0.02) (size 4 4) (drill 2) (layers *.Cu *.Mask)
      (net 7 GNDREF))
    (model ${KISYS3DMOD}/Potentiometer_THT.3dshapes/Potentiometer_TT_P0915N.wrl
      (at (xyz 0 0 0))
      (scale (xyz 1 1 1))
      (rotate (xyz 0 0 0))
    )
  )

  (module Eurorack:Potentiometer_TT_P0915N (layer F.Cu) (tedit 5D8AC2C5) (tstamp 5D8978D8)
    (at 75.184 110.49)
    (descr http://www.ttelectronics.com/sites/default/files/download-files/Datasheet_PanelPot_P09xSeries.pdf)
    (tags "potentiometer vertical TT P0915N single")
    (path /5D8AAA14)
    (fp_text reference RV2 (at -0.04 -5.98) (layer F.SilkS)
      (effects (font (size 1 1) (thickness 0.15)))
    )
    (fp_text value R_POT_US (at -0.04 9.52) (layer F.Fab)
      (effects (font (size 1 1) (thickness 0.15)))
    )
    (fp_line (start -5.64 -2.23) (end -5.64 -5.08) (layer F.CrtYd) (width 0.05))
    (fp_line (start 5.56 6.77) (end 3.61 6.77) (layer F.CrtYd) (width 0.05))
    (fp_line (start -5.64 -5.08) (end 5.56 -5.08) (layer F.CrtYd) (width 0.05))
    (fp_line (start 5.43 6.64) (end 3.61 6.64) (layer F.SilkS) (width 0.12))
    (fp_line (start -5.51 -4.95) (end -5.51 -2.23) (layer F.SilkS) (width 0.12))
    (fp_line (start 5.43 -4.95) (end -5.51 -4.95) (layer F.SilkS) (width 0.12))
    (fp_circle (center -0.04 0.02) (end 2.96 0.02) (layer F.Fab) (width 0.12))
    (fp_line (start -5.39 -4.83) (end 5.31 -4.83) (layer F.Fab) (width 0.1))
    (fp_line (start -5.39 6.52) (end -5.39 -4.83) (layer F.Fab) (width 0.1))
    (fp_line (start 5.31 6.52) (end -5.39 6.52) (layer F.Fab) (width 0.1))
    (fp_line (start 5.31 -4.83) (end 5.31 6.52) (layer F.Fab) (width 0.1))
    (fp_text user %R (at -0.04 0.02) (layer F.Fab)
      (effects (font (size 1 1) (thickness 0.15)))
    )
    (fp_line (start -3.69 6.64) (end -5.51 6.64) (layer F.SilkS) (width 0.12))
    (fp_line (start 3.61 8.67) (end 3.61 6.77) (layer F.CrtYd) (width 0.05))
    (fp_line (start -3.69 6.77) (end -5.64 6.77) (layer F.CrtYd) (width 0.05))
    (fp_line (start -3.69 8.67) (end -3.69 6.77) (layer F.CrtYd) (width 0.05))
    (fp_line (start 3.61 8.67) (end -3.69 8.67) (layer F.CrtYd) (width 0.05))
    (fp_line (start -5.64 -2.23) (end -7.04 -2.23) (layer F.CrtYd) (width 0.05))
    (fp_line (start -7.04 2.27) (end -7.04 -2.23) (layer F.CrtYd) (width 0.05))
    (fp_line (start -5.64 6.77) (end -5.64 2.27) (layer F.CrtYd) (width 0.05))
    (fp_line (start -5.64 2.27) (end -7.04 2.27) (layer F.CrtYd) (width 0.05))
    (fp_line (start 5.56 6.77) (end 5.56 2.27) (layer F.CrtYd) (width 0.05))
    (fp_line (start 5.56 -2.23) (end 5.56 -5.08) (layer F.CrtYd) (width 0.05))
    (fp_line (start 6.96 -2.23) (end 5.56 -2.23) (layer F.CrtYd) (width 0.05))
    (fp_line (start 6.96 2.27) (end 5.56 2.27) (layer F.CrtYd) (width 0.05))
    (fp_line (start 6.96 2.27) (end 6.96 -2.23) (layer F.CrtYd) (width 0.05))
    (fp_line (start -5.51 2.27) (end -5.51 6.64) (layer F.SilkS) (width 0.12))
    (fp_line (start 5.43 2.27) (end 5.43 6.64) (layer F.SilkS) (width 0.12))
    (fp_line (start 5.43 -4.95) (end 5.43 -2.23) (layer F.SilkS) (width 0.12))
    (pad "" thru_hole oval (at 4.71 0.02) (size 4 4) (drill 2) (layers *.Cu *.Mask)
      (net 7 GNDREF))
    (pad "" thru_hole oval (at -4.79 0.02) (size 4 4) (drill 2) (layers *.Cu *.Mask)
      (net 7 GNDREF))
    (pad 3 thru_hole circle (at 2.46 7.52) (size 1.8 1.8) (drill 1) (layers *.Cu *.Mask)
      (net 7 GNDREF))
    (pad 2 thru_hole circle (at -0.04 7.52) (size 1.8 1.8) (drill 1) (layers *.Cu *.Mask)
      (net 15 /In_1))
    (pad 1 thru_hole rect (at -2.54 7.52) (size 1.8 1.8) (drill 1) (layers *.Cu *.Mask)
      (net 2 "Net-(J3-PadT)"))
    (model ${KISYS3DMOD}/Potentiometer_THT.3dshapes/Potentiometer_TT_P0915N.wrl
      (at (xyz 0 0 0))
      (scale (xyz 1 1 1))
      (rotate (xyz 0 0 0))
    )
  )

  (module Eurorack:Potentiometer_TT_P0915N (layer F.Cu) (tedit 5D8AC2CE) (tstamp 5D89995E)
    (at 75.184 126.365)
    (descr http://www.ttelectronics.com/sites/default/files/download-files/Datasheet_PanelPot_P09xSeries.pdf)
    (tags "potentiometer vertical TT P0915N single")
    (path /5D8AB208)
    (fp_text reference RV3 (at -0.04 -5.98) (layer F.SilkS)
      (effects (font (size 1 1) (thickness 0.15)))
    )
    (fp_text value R_POT_US (at -0.04 9.52) (layer F.Fab)
      (effects (font (size 1 1) (thickness 0.15)))
    )
    (fp_line (start 5.43 -4.95) (end 5.43 -2.23) (layer F.SilkS) (width 0.12))
    (fp_line (start 5.43 2.27) (end 5.43 6.64) (layer F.SilkS) (width 0.12))
    (fp_line (start -5.51 2.27) (end -5.51 6.64) (layer F.SilkS) (width 0.12))
    (fp_line (start 6.96 2.27) (end 6.96 -2.23) (layer F.CrtYd) (width 0.05))
    (fp_line (start 6.96 2.27) (end 5.56 2.27) (layer F.CrtYd) (width 0.05))
    (fp_line (start 6.96 -2.23) (end 5.56 -2.23) (layer F.CrtYd) (width 0.05))
    (fp_line (start 5.56 -2.23) (end 5.56 -5.08) (layer F.CrtYd) (width 0.05))
    (fp_line (start 5.56 6.77) (end 5.56 2.27) (layer F.CrtYd) (width 0.05))
    (fp_line (start -5.64 2.27) (end -7.04 2.27) (layer F.CrtYd) (width 0.05))
    (fp_line (start -5.64 6.77) (end -5.64 2.27) (layer F.CrtYd) (width 0.05))
    (fp_line (start -7.04 2.27) (end -7.04 -2.23) (layer F.CrtYd) (width 0.05))
    (fp_line (start -5.64 -2.23) (end -7.04 -2.23) (layer F.CrtYd) (width 0.05))
    (fp_line (start 3.61 8.67) (end -3.69 8.67) (layer F.CrtYd) (width 0.05))
    (fp_line (start -3.69 8.67) (end -3.69 6.77) (layer F.CrtYd) (width 0.05))
    (fp_line (start -3.69 6.77) (end -5.64 6.77) (layer F.CrtYd) (width 0.05))
    (fp_line (start 3.61 8.67) (end 3.61 6.77) (layer F.CrtYd) (width 0.05))
    (fp_line (start -3.69 6.64) (end -5.51 6.64) (layer F.SilkS) (width 0.12))
    (fp_text user %R (at -0.04 0.02) (layer F.Fab)
      (effects (font (size 1 1) (thickness 0.15)))
    )
    (fp_line (start 5.31 -4.83) (end 5.31 6.52) (layer F.Fab) (width 0.1))
    (fp_line (start 5.31 6.52) (end -5.39 6.52) (layer F.Fab) (width 0.1))
    (fp_line (start -5.39 6.52) (end -5.39 -4.83) (layer F.Fab) (width 0.1))
    (fp_line (start -5.39 -4.83) (end 5.31 -4.83) (layer F.Fab) (width 0.1))
    (fp_circle (center -0.04 0.02) (end 2.96 0.02) (layer F.Fab) (width 0.12))
    (fp_line (start 5.43 -4.95) (end -5.51 -4.95) (layer F.SilkS) (width 0.12))
    (fp_line (start -5.51 -4.95) (end -5.51 -2.23) (layer F.SilkS) (width 0.12))
    (fp_line (start 5.43 6.64) (end 3.61 6.64) (layer F.SilkS) (width 0.12))
    (fp_line (start -5.64 -5.08) (end 5.56 -5.08) (layer F.CrtYd) (width 0.05))
    (fp_line (start 5.56 6.77) (end 3.61 6.77) (layer F.CrtYd) (width 0.05))
    (fp_line (start -5.64 -2.23) (end -5.64 -5.08) (layer F.CrtYd) (width 0.05))
    (pad 1 thru_hole rect (at -2.54 7.52) (size 1.8 1.8) (drill 1) (layers *.Cu *.Mask)
      (net 3 "Net-(J4-PadT)"))
    (pad 2 thru_hole circle (at -0.04 7.52) (size 1.8 1.8) (drill 1) (layers *.Cu *.Mask)
      (net 16 /In_2))
    (pad 3 thru_hole circle (at 2.46 7.52) (size 1.8 1.8) (drill 1) (layers *.Cu *.Mask)
      (net 7 GNDREF))
    (pad "" thru_hole oval (at -4.79 0.02) (size 4 4) (drill 2) (layers *.Cu *.Mask)
      (net 7 GNDREF))
    (pad "" thru_hole oval (at 4.71 0.02) (size 4 4) (drill 2) (layers *.Cu *.Mask)
      (net 7 GNDREF))
    (model ${KISYS3DMOD}/Potentiometer_THT.3dshapes/Potentiometer_TT_P0915N.wrl
      (at (xyz 0 0 0))
      (scale (xyz 1 1 1))
      (rotate (xyz 0 0 0))
    )
  )

  (module Eurorack:Potentiometer_TT_P0915N (layer F.Cu) (tedit 5D8AC2AE) (tstamp 5D897924)
    (at 75.184 76.708)
    (descr http://www.ttelectronics.com/sites/default/files/download-files/Datasheet_PanelPot_P09xSeries.pdf)
    (tags "potentiometer vertical TT P0915N single")
    (path /5D8A82EA)
    (fp_text reference RV4 (at -0.04 -5.98) (layer F.SilkS)
      (effects (font (size 1 1) (thickness 0.15)))
    )
    (fp_text value R_POT_US (at -0.04 9.52) (layer F.Fab)
      (effects (font (size 1 1) (thickness 0.15)))
    )
    (fp_line (start -5.64 -2.23) (end -5.64 -5.08) (layer F.CrtYd) (width 0.05))
    (fp_line (start 5.56 6.77) (end 3.61 6.77) (layer F.CrtYd) (width 0.05))
    (fp_line (start -5.64 -5.08) (end 5.56 -5.08) (layer F.CrtYd) (width 0.05))
    (fp_line (start 5.43 6.64) (end 3.61 6.64) (layer F.SilkS) (width 0.12))
    (fp_line (start -5.51 -4.95) (end -5.51 -2.23) (layer F.SilkS) (width 0.12))
    (fp_line (start 5.43 -4.95) (end -5.51 -4.95) (layer F.SilkS) (width 0.12))
    (fp_circle (center -0.04 0.02) (end 2.96 0.02) (layer F.Fab) (width 0.12))
    (fp_line (start -5.39 -4.83) (end 5.31 -4.83) (layer F.Fab) (width 0.1))
    (fp_line (start -5.39 6.52) (end -5.39 -4.83) (layer F.Fab) (width 0.1))
    (fp_line (start 5.31 6.52) (end -5.39 6.52) (layer F.Fab) (width 0.1))
    (fp_line (start 5.31 -4.83) (end 5.31 6.52) (layer F.Fab) (width 0.1))
    (fp_text user %R (at -0.04 0.02) (layer F.Fab)
      (effects (font (size 1 1) (thickness 0.15)))
    )
    (fp_line (start -3.69 6.64) (end -5.51 6.64) (layer F.SilkS) (width 0.12))
    (fp_line (start 3.61 8.67) (end 3.61 6.77) (layer F.CrtYd) (width 0.05))
    (fp_line (start -3.69 6.77) (end -5.64 6.77) (layer F.CrtYd) (width 0.05))
    (fp_line (start -3.69 8.67) (end -3.69 6.77) (layer F.CrtYd) (width 0.05))
    (fp_line (start 3.61 8.67) (end -3.69 8.67) (layer F.CrtYd) (width 0.05))
    (fp_line (start -5.64 -2.23) (end -7.04 -2.23) (layer F.CrtYd) (width 0.05))
    (fp_line (start -7.04 2.27) (end -7.04 -2.23) (layer F.CrtYd) (width 0.05))
    (fp_line (start -5.64 6.77) (end -5.64 2.27) (layer F.CrtYd) (width 0.05))
    (fp_line (start -5.64 2.27) (end -7.04 2.27) (layer F.CrtYd) (width 0.05))
    (fp_line (start 5.56 6.77) (end 5.56 2.27) (layer F.CrtYd) (width 0.05))
    (fp_line (start 5.56 -2.23) (end 5.56 -5.08) (layer F.CrtYd) (width 0.05))
    (fp_line (start 6.96 -2.23) (end 5.56 -2.23) (layer F.CrtYd) (width 0.05))
    (fp_line (start 6.96 2.27) (end 5.56 2.27) (layer F.CrtYd) (width 0.05))
    (fp_line (start 6.96 2.27) (end 6.96 -2.23) (layer F.CrtYd) (width 0.05))
    (fp_line (start -5.51 2.27) (end -5.51 6.64) (layer F.SilkS) (width 0.12))
    (fp_line (start 5.43 2.27) (end 5.43 6.64) (layer F.SilkS) (width 0.12))
    (fp_line (start 5.43 -4.95) (end 5.43 -2.23) (layer F.SilkS) (width 0.12))
    (pad "" thru_hole oval (at 4.71 0.02) (size 4 4) (drill 2) (layers *.Cu *.Mask)
      (net 7 GNDREF))
    (pad "" thru_hole oval (at -4.79 0.02) (size 4 4) (drill 2) (layers *.Cu *.Mask)
      (net 7 GNDREF))
    (pad 3 thru_hole circle (at 2.46 7.52) (size 1.8 1.8) (drill 1) (layers *.Cu *.Mask)
      (net 7 GNDREF))
    (pad 2 thru_hole circle (at -0.04 7.52) (size 1.8 1.8) (drill 1) (layers *.Cu *.Mask)
      (net 14 /Cutoff_Mod))
    (pad 1 thru_hole rect (at -2.54 7.52) (size 1.8 1.8) (drill 1) (layers *.Cu *.Mask)
      (net 1 "Net-(J2-PadT)"))
    (model ${KISYS3DMOD}/Potentiometer_THT.3dshapes/Potentiometer_TT_P0915N.wrl
      (at (xyz 0 0 0))
      (scale (xyz 1 1 1))
      (rotate (xyz 0 0 0))
    )
  )

  (module Eurorack:Potentiometer_TT_P0915N (layer F.Cu) (tedit 5D8AC2D8) (tstamp 5D89794A)
    (at 75.184 142.24)
    (descr http://www.ttelectronics.com/sites/default/files/download-files/Datasheet_PanelPot_P09xSeries.pdf)
    (tags "potentiometer vertical TT P0915N single")
    (path /5D8AB5BF)
    (fp_text reference RV5 (at -0.04 -5.98) (layer F.SilkS)
      (effects (font (size 1 1) (thickness 0.15)))
    )
    (fp_text value R_POT_US (at -0.04 9.52) (layer F.Fab)
      (effects (font (size 1 1) (thickness 0.15)))
    )
    (fp_line (start -5.64 -2.23) (end -5.64 -5.08) (layer F.CrtYd) (width 0.05))
    (fp_line (start 5.56 6.77) (end 3.61 6.77) (layer F.CrtYd) (width 0.05))
    (fp_line (start -5.64 -5.08) (end 5.56 -5.08) (layer F.CrtYd) (width 0.05))
    (fp_line (start 5.43 6.64) (end 3.61 6.64) (layer F.SilkS) (width 0.12))
    (fp_line (start -5.51 -4.95) (end -5.51 -2.23) (layer F.SilkS) (width 0.12))
    (fp_line (start 5.43 -4.95) (end -5.51 -4.95) (layer F.SilkS) (width 0.12))
    (fp_circle (center -0.04 0.02) (end 2.96 0.02) (layer F.Fab) (width 0.12))
    (fp_line (start -5.39 -4.83) (end 5.31 -4.83) (layer F.Fab) (width 0.1))
    (fp_line (start -5.39 6.52) (end -5.39 -4.83) (layer F.Fab) (width 0.1))
    (fp_line (start 5.31 6.52) (end -5.39 6.52) (layer F.Fab) (width 0.1))
    (fp_line (start 5.31 -4.83) (end 5.31 6.52) (layer F.Fab) (width 0.1))
    (fp_text user %R (at -0.04 0.02) (layer F.Fab)
      (effects (font (size 1 1) (thickness 0.15)))
    )
    (fp_line (start -3.69 6.64) (end -5.51 6.64) (layer F.SilkS) (width 0.12))
    (fp_line (start 3.61 8.67) (end 3.61 6.77) (layer F.CrtYd) (width 0.05))
    (fp_line (start -3.69 6.77) (end -5.64 6.77) (layer F.CrtYd) (width 0.05))
    (fp_line (start -3.69 8.67) (end -3.69 6.77) (layer F.CrtYd) (width 0.05))
    (fp_line (start 3.61 8.67) (end -3.69 8.67) (layer F.CrtYd) (width 0.05))
    (fp_line (start -5.64 -2.23) (end -7.04 -2.23) (layer F.CrtYd) (width 0.05))
    (fp_line (start -7.04 2.27) (end -7.04 -2.23) (layer F.CrtYd) (width 0.05))
    (fp_line (start -5.64 6.77) (end -5.64 2.27) (layer F.CrtYd) (width 0.05))
    (fp_line (start -5.64 2.27) (end -7.04 2.27) (layer F.CrtYd) (width 0.05))
    (fp_line (start 5.56 6.77) (end 5.56 2.27) (layer F.CrtYd) (width 0.05))
    (fp_line (start 5.56 -2.23) (end 5.56 -5.08) (layer F.CrtYd) (width 0.05))
    (fp_line (start 6.96 -2.23) (end 5.56 -2.23) (layer F.CrtYd) (width 0.05))
    (fp_line (start 6.96 2.27) (end 5.56 2.27) (layer F.CrtYd) (width 0.05))
    (fp_line (start 6.96 2.27) (end 6.96 -2.23) (layer F.CrtYd) (width 0.05))
